version: 10
file format: 0

training data file: ../subwords/english/32.txt
validation data file: ../subwords/english/32_test.txt

last probability of validation data: -17708.612477
number of finished iterations: 12
current position in training data: 0
current probability of training data: -17656.453500
save after processing # words: 0
# of training words: 111345
input layer size: 70
hidden layer size: 40
compression layer size: 0
output layer size: 62
direct connections: 0
direct order: 3
bptt: 4
bptt block: 10
vocabulary size: 30
class size: 32
old classes: 0
independent sentences mode: 0
starting learning rate: 0.100000
current learning rate: 0.003125
learning rate decrease: 1


Vocabulary:
     0	       781	</s>	0
     1	     21350	â–	0
     2	     11009	e	1
     3	      8691	t	2
     4	      7301	a	3
     5	      6756	o	4
     6	      6154	i	5
     7	      5983	h	6
     8	      5753	n	7
     9	      5359	s	8
    10	      4388	r	9
    11	      4043	d	10
    12	      3977	l	11
    13	      2803	u	12
    14	      2230	w	13
    15	      2092	g	14
    16	      2000	c	15
    17	      1911	y	16
    18	      1735	m	17
    19	      1618	f	18
    20	      1214	p	19
    21	      1174	b	20
    22	       944	k	21
    23	       874	'	22
    24	       672	v	23
    25	       170	q	24
    26	       107	x	25
    27	       105	-	26
    28	        91	j	27
    29	        60	z	28

Hidden layer activation:
0.0010
0.0013
0.0002
0.0006
0.0633
0.0181
0.0663
0.0003
0.0187
0.2406
0.9322
0.0458
0.7431
0.0459
0.1618
0.0000
0.0082
0.0050
0.9853
0.1129
0.2967
0.0092
0.2254
0.0464
0.0059
0.1640
0.9892
0.0049
0.1146
0.0140
0.0078
0.0003
0.6965
0.0218
0.0014
0.0003
0.0265
0.0097
0.0593
0.6212

Weights 0->1:
-0.5848
-5.4460
-5.8503
-0.7611
-3.8787
-3.1176
-3.4536
-5.1239
-4.5073
-1.2388
-4.1072
0.3360
2.0756
-2.7257
-2.7861
0.2825
1.3741
-4.8915
1.6008
-0.4418
1.9910
4.4859
2.0517
-4.0053
6.6466
-1.9786
-1.4158
-1.7064
1.0210
1.5716
-0.1695
-3.3470
-3.8340
-5.3776
-0.4214
0.8639
-4.3484
1.0703
-0.1415
0.2436
-0.8283
-0.1547
-0.1987
-0.7738
-0.1902
-2.4194
0.6651
-0.4519
-0.9631
-1.4985
2.5602
-1.5324
0.0554
2.1971
1.0782
1.9969
-1.7766
0.9878
-0.0230
-0.9036
0.6755
1.2133
-0.6959
1.8285
-0.0788
0.0470
0.9179
0.3231
2.5793
-0.5150
-0.6549
-2.0656
-3.7666
-0.3599
-3.4569
-2.4520
-1.8165
0.5327
0.2958
6.3398
2.6797
-0.6893
-2.8728
0.1357
-2.9715
-3.4251
-1.0810
-1.1003
-2.0056
-0.8162
0.1483
-3.0604
-1.0677
0.8392
0.0860
4.3413
5.2918
-1.0134
3.0409
-0.0403
0.1335
-2.5552
-3.6800
-3.5057
1.1693
-0.2745
-0.6069
0.6575
2.5580
-1.5246
-0.1855
-2.5170
-1.1905
0.4408
-1.2594
-1.2295
-1.4995
0.0636
-0.1369
-0.8243
-0.4067
-4.6545
-0.9590
-1.1157
-1.9882
-1.3950
-1.4219
-1.1960
-0.1578
0.6568
1.4522
0.3888
-0.3290
-1.5775
1.0619
-0.5696
-1.5059
2.1599
-0.2454
-1.1411
0.2451
-2.4870
3.4401
-3.7116
0.4790
-3.3501
4.7366
-3.0938
-3.8415
-4.0453
-3.5400
-0.4699
-4.2450
5.4085
-3.8849
2.8263
-3.3915
-4.0042
-3.7970
-1.6308
1.0525
-0.5522
1.5348
4.5280
-1.5871
-1.7654
0.8983
-0.4194
-3.4103
-0.6961
-2.2623
-1.7477
-0.5025
-0.9660
-1.2388
0.7952
0.8876
0.3361
1.4334
-2.7271
0.3365
-0.9936
-3.3042
-2.1912
-2.1561
3.0064
-0.4107
-1.9327
-2.4851
-2.0854
-4.1246
-0.4081
0.2820
-1.3765
-0.0375
-3.1020
-2.6144
-1.7209
-1.1582
-0.8230
-1.5056
-2.1852
-1.3043
-0.1741
-0.4379
-1.9013
2.2027
2.5452
-0.5982
-3.4035
0.6692
-2.5707
-1.3774
-2.6426
3.5531
-2.6831
-2.7261
-0.7165
-1.9142
0.3212
-1.5057
-3.2445
4.8463
-2.6742
2.2779
-0.8834
-2.0357
-2.2618
0.8698
-0.3594
-2.6522
-1.6126
1.1394
2.8164
-1.4148
-1.8282
-0.5634
0.0200
-0.5183
-0.0164
-4.6652
1.3950
0.4259
1.6591
-2.3036
0.5972
-3.1954
-1.8094
-2.3336
-2.4335
-0.0556
-0.3494
0.1559
-3.1105
-0.4790
1.6353
0.0939
-2.4062
-0.5539
-1.7469
-0.3091
-0.1487
-2.1194
-1.2980
1.7011
-2.0074
-2.8670
-2.5354
-1.0920
-0.2115
-1.9268
-1.3902
-1.4648
-4.7126
0.1651
-2.9604
0.3410
-2.9726
-0.8266
-1.3367
-0.0547
-3.1527
-1.5860
-1.6384
-1.1350
-0.1842
-2.0883
-1.4433
-1.7031
-3.9776
-3.9723
-1.4047
5.1213
3.4390
1.0835
3.8837
-1.2442
-1.1233
0.7984
-1.1887
-2.5191
-1.6499
-1.0059
-1.0501
-0.0600
-0.3376
-2.1756
-0.5690
-0.4076
0.1976
-1.4691
-0.9069
1.2422
-1.3128
-0.3677
-1.7435
-6.8942
1.1065
-2.6612
1.1373
-1.9407
-2.3808
0.7432
-3.5498
-1.3428
0.1205
-0.1101
-2.2425
-3.8138
0.4229
2.5206
-0.6734
-1.2928
0.2811
-0.0321
1.3649
-1.8845
-4.2897
-1.8491
-1.9018
-1.3945
-4.6160
-0.9592
1.0607
2.0888
0.4904
-1.1390
-1.2849
0.2072
-1.8805
-1.5312
-2.4434
-0.1208
0.8838
-1.8822
-6.1965
-0.5872
2.5314
1.8739
-2.5139
-1.8129
2.5279
4.3062
-2.3061
-0.3524
-1.6170
0.1497
-2.5728
-2.2072
-1.4858
-0.2308
-0.6361
1.1145
-1.5124
1.6773
0.3792
-1.4130
-2.4951
-0.7692
2.3626
-0.9086
-2.0840
-1.8228
1.9394
-0.8821
1.5176
-6.1405
-4.6096
0.8875
-2.0103
0.2770
-0.9916
0.2539
-2.7713
1.5799
3.5481
-0.1847
0.5315
0.4196
-1.4149
2.8903
-1.7801
-1.8377
2.2445
-0.8015
-0.3016
-0.2195
-0.7752
-1.4091
-0.7828
-0.9517
-4.2999
0.4748
-1.2570
0.0299
-0.1528
-0.5128
-1.0060
-3.3875
-0.5686
-3.8358
9.4660
-4.4367
-2.9305
-2.8174
-3.2411
-4.0032
-1.6084
-3.4876
-2.7747
-3.0851
-2.6402
-3.0054
-0.4753
-3.2735
-2.3339
-0.5566
-2.4851
-0.9986
1.2766
-1.5369
-0.7960
-2.3403
-3.7628
-3.1084
-1.2791
-1.0994
5.4781
-0.7521
-1.2363
-2.0008
0.7491
-0.6683
0.2086
-3.6821
-1.2078
-0.5333
-0.4745
0.4700
-1.4642
-0.3303
1.1712
-0.7252
2.3604
-1.0619
-2.3099
-0.1086
0.5492
0.0750
-0.4986
0.7414
-0.7567
1.0567
-3.1734
-0.3492
1.2039
-0.5995
-0.3673
0.6337
-2.1543
0.1879
-0.6998
0.7876
-1.9591
-0.3138
-1.9279
-3.7470
-0.2334
-1.1364
0.3815
-1.4361
-5.1106
2.2982
-0.6679
-3.9231
-3.2161
-4.5950
3.2596
2.2956
-3.0546
-3.1084
-2.9107
4.0424
-0.9222
0.5154
0.6934
2.0984
-1.0014
2.7761
1.3754
-0.3160
3.7783
-0.0939
-3.2683
-0.5126
-1.7019
0.1780
-0.5864
2.4395
0.9958
-1.5131
3.1176
-6.0554
-2.7357
-3.4345
2.3330
-1.4345
0.4898
-1.9512
-1.6189
0.1846
-0.9794
0.7105
4.1484
-0.0160
0.2598
-2.0829
-0.4684
-1.9372
-2.4980
-0.3848
-4.4890
-1.3078
-3.8661
0.4386
-2.3687
2.1694
0.3802
-0.0817
-2.4263
1.6990
-2.1207
-1.3937
-1.3292
0.5226
-2.9849
0.5324
-1.1137
-3.2605
-2.8100
1.2187
-5.3230
-3.4238
-2.7864
0.6179
3.4502
0.5690
-0.6524
-1.0071
-3.3652
-0.8096
0.1713
1.2780
-1.8353
1.5554
-3.4104
0.7563
-1.0058
-1.3209
3.9378
-3.3660
-0.8299
2.9892
1.7793
1.5255
-0.1099
-1.1160
-0.7961
1.3156
0.4578
0.0004
-0.3161
0.4123
-3.3886
-1.8936
0.9249
-6.1565
-1.6660
-1.4877
-2.0284
-0.3312
-0.5948
-4.1579
1.8199
-0.7470
1.0058
-4.9387
-0.0527
-3.8817
1.3400
2.3459
0.7366
-1.2712
0.3003
0.7190
-1.2326
-0.6842
-1.1435
-0.9372
1.4417
0.5155
1.6464
-3.0257
-0.7044
-1.5123
2.7441
0.1570
0.5566
-1.2256
0.7874
2.8533
-5.7648
0.4507
-4.3119
-4.1873
2.3732
-5.5468
-4.4362
0.8440
-2.2424
-1.3624
0.0254
1.6410
0.1425
1.8618
0.1360
-0.7335
-2.1954
4.3415
-1.5232
-1.5681
-1.2679
-1.9870
-1.4416
-1.5633
-0.2465
-1.1331
-2.4268
-0.1613
-1.2115
1.1933
-2.4748
-3.2786
-1.1548
2.6064
3.0858
-4.6612
1.8684
-0.0918
-3.8414
-2.3029
1.3895
-2.7709
0.8127
-1.8566
1.1266
-1.6807
-0.7994
-1.2588
0.7916
-2.0790
-0.5310
1.6346
1.1134
-2.3122
-0.5464
0.8466
-1.0799
-0.6790
-5.1116
-2.5063
-2.3208
-0.5926
-1.3047
-2.5425
-1.2539
-2.3152
0.6136
-1.7301
2.0862
0.8887
-3.3113
0.1535
-5.2898
-1.5155
0.4327
0.4824
-0.8467
3.0461
2.5095
3.1201
-0.1786
0.5254
-6.7041
-0.4310
-0.3511
-1.3516
-2.6709
-1.3243
-0.3038
-1.4310
-1.9448
-0.1441
1.2570
-1.8830
-1.4109
0.4032
-0.4703
1.0082
-0.5532
-0.2432
-0.5290
0.6283
-2.5727
-1.8397
-1.5708
-2.6087
1.3467
-3.6766
-1.7103
0.8512
-1.8010
1.2499
-2.9492
1.5599
-2.0884
1.3787
0.0213
-3.7301
-2.8984
-2.1669
-2.3919
0.5597
-0.6712
0.2332
0.4523
3.8349
-2.2915
-1.5435
-3.0670
1.5347
1.2679
0.0165
1.0545
-2.2672
0.6552
2.5904
-2.9390
-1.4442
-4.6388
-1.8027
-4.5056
-0.4536
-2.0432
-2.3447
-3.6436
0.6650
2.5690
-2.9619
-0.5646
-2.7160
-0.8460
-2.1341
-1.7577
3.6569
-4.3397
-2.4767
-1.9613
3.9606
-1.6223
-1.3836
-1.1367
3.0755
-4.7816
5.1359
-3.2662
2.5466
-2.0170
2.0955
-0.7911
-2.9422
-0.6098
-1.8850
1.0053
-1.9192
-2.3788
-0.6357
-1.6895
0.5515
-1.6291
-0.2699
-0.1425
-2.2012
0.5242
-2.3148
-1.2431
-3.0668
2.4109
-0.1327
-1.9463
3.5412
-0.3566
1.1703
2.0405
-0.5787
1.6917
0.9328
0.8260
1.8234
-1.6222
-0.6206
-2.6894
1.7683
1.4346
-0.6285
2.5859
0.6911
-1.4280
-1.3844
-2.7301
0.9819
-4.3770
-2.1958
0.8328
5.2974
-0.8352
0.2527
-3.5037
3.7955
-1.4964
-1.1460
-2.7188
-2.6454
3.1562
-0.9297
-2.4379
1.3088
-0.3220
0.0153
0.7023
1.1765
-1.1876
-1.8200
-0.0164
-3.4370
0.4208
1.2773
0.8241
-0.0220
-0.1775
-0.7045
2.7346
0.9595
-0.8801
-2.5730
1.0181
-5.3070
-3.9317
-0.4773
0.8488
-1.8666
0.1899
-0.5510
-0.0654
-1.7887
-2.6963
-1.8595
-2.9823
-2.2959
0.6840
2.3354
2.1373
1.3432
-2.8673
0.6331
-0.7928
-2.7473
-2.3775
-1.4200
1.2408
-2.3574
1.2965
-2.3757
-0.0650
-2.6922
-2.3871
-0.6707
-1.2322
-1.1665
-0.3893
-1.1853
-1.2310
-2.0824
-1.6593
-1.8343
-3.8864
-3.4895
1.7373
0.3505
-1.6819
-3.8859
1.3428
1.6466
-2.8519
-4.8097
0.4189
2.7072
3.4896
-3.1174
2.0448
-2.1243
-5.0688
0.2129
-3.6444
5.4102
-2.3331
-0.0302
0.3260
-0.3485
-0.1531
-4.7506
1.3127
-0.7611
-2.7283
-2.0255
-5.5181
-0.0688
1.0624
-1.9961
0.6817
1.0132
-3.8361
-0.5355
0.3852
-2.8310
1.8370
-2.2598
0.4401
-0.3978
-1.1218
-1.8157
-1.5882
1.5848
-2.1609
1.1003
-2.4615
0.1631
-1.7203
-1.9992
0.1168
-2.3424
-2.1782
-1.9879
-1.1393
1.7555
-2.6981
-3.2117
0.5489
-3.4894
-0.8765
-0.0255
-1.4973
-3.9812
0.9546
-4.0902
-1.7030
1.0978
0.5483
3.0839
2.2774
-2.2306
-0.1302
-2.5984
3.7733
-0.4497
-1.4100
-2.3281
-2.2848
-1.8943
-2.8688
-3.4102
-1.6679
-1.9201
-1.6058
-3.2248
-3.0472
-0.0832
-0.2605
-0.8310
0.0195
-2.0518
1.1607
-0.3231
-4.3814
0.6513
-0.9197
-1.2409
-0.6904
-0.1785
-3.7423
-6.6156
-2.5241
0.2951
-3.0538
-4.3965
-2.8758
-0.1999
-1.2230
-2.9916
-0.1296
3.4450
-3.1916
-1.3489
1.2300
2.0719
0.3822
1.6183
-2.1729
-1.8538
-1.8500
-0.3176
-0.1959
-0.7331
2.4583
-2.9951
0.4569
-0.4374
-3.6691
-0.7524
-2.4159
-0.7539
-2.9184
-0.2731
4.0572
-3.5466
2.8664
-3.5453
-3.4797
-3.3312
-2.2847
-1.2437
-2.5441
-2.3485
-3.0809
4.5090
-1.7128
0.7388
-0.4117
-2.0194
-2.1108
-0.1620
-3.5024
2.8547
-2.1301
-0.8338
-0.3163
0.1167
-0.5516
-0.4746
-0.5615
-2.1663
-1.4400
-3.4628
-2.0986
0.0089
-1.6687
-0.2144
-1.2363
1.0984
-2.3706
-1.1185
-0.6495
-2.5354
0.7164
-4.0777
2.2477
-0.5430
3.3238
-1.2670
-1.6031
-4.7909
0.5012
-2.1073
-2.5405
-0.2724
-3.2743
-0.5220
-1.6418
-4.0565
2.2546
-1.6215
-1.3037
-0.9654
-2.1775
-0.2104
-0.7334
-1.4823
-1.1065
-1.8829
-1.7090
-1.9200
-5.1466
-6.6875
-0.1402
-8.9711
-4.5473
-7.0348
-1.1464
-0.2797
-4.2308
1.3519
1.6750
2.5627
-6.2215
2.8295
2.9131
-3.1169
-2.4693
-0.1280
2.3854
1.6382
2.5131
-4.9870
-2.6746
3.6976
1.5812
1.3641
-2.5282
0.8451
0.6021
0.9112
2.5853
-1.6765
0.7956
-3.1299
2.1033
2.2958
1.3800
-1.2670
-4.2212
1.5891
0.5321
-0.9130
2.0274
-0.7532
0.6829
1.5604
-2.5897
-2.4259
-2.9761
-4.0761
-2.1539
-2.9215
0.8721
-2.2616
0.2199
-1.0632
-0.5196
0.4835
0.0245
-2.7310
-0.9198
1.5988
-5.8832
0.1087
-3.6922
0.8893
-3.0123
-0.9740
1.4740
-0.1442
-3.9015
-0.4306
0.0528
-1.0321
2.7902
4.0410
-2.4661
-3.2993
-1.5298
-0.8930
1.2816
-1.3542
1.0895
-3.7993
-0.1623
-0.3974
-1.9939
1.4937
-1.7656
0.7892
-0.1276
-2.8271
-4.1893
-2.5884
3.1010
-2.1469
0.3681
0.4988
-0.8910
-3.0766
0.6968
2.2020
-3.0811
-1.3906
-2.5757
-0.2514
0.0370
-0.9976
-0.1818
-0.6407
-2.1388
1.3020
2.5491
-0.7022
-2.9695
-4.7489
-0.0959
-1.7900
-2.7669
0.3324
1.5373
-1.2672
1.0043
0.6281
-0.4929
1.0717
-2.9684
-3.7215
-2.1876
-0.3320
-0.4510
1.4342
-0.9457
-0.6140
-0.3250
0.8366
-1.9072
-2.4873
-5.3195
2.0613
-6.6633
4.2419
-1.1979
-3.8557
-2.5608
-5.4712
0.7689
6.0650
2.4894
-0.8171
-0.4668
6.2820
-3.7807
-1.2076
-1.3989
-2.6993
3.2368
-2.4951
0.4802
-1.3343
-4.7428
1.1170
-3.3513
-3.1784
-2.9729
-2.5447
-3.8216
-1.6636
-2.4363
0.1720
-2.1154
-1.7909
0.2514
0.9225
-3.7675
-5.6616
2.5314
0.7022
-0.0269
0.4800
-2.6224
0.0031
-0.3884
1.0145
-4.6179
-1.1054
2.4767
-0.7468
-0.0400
-0.9521
1.2637
1.1474
-0.7211
0.5777
-1.3268
2.5816
0.1960
-0.4518
0.7496
1.9519
1.1889
-1.4438
0.4920
2.2874
-0.1961
1.9933
1.1477
1.1071
-0.9798
-0.5686
-5.8276
2.5833
-2.2633
-4.1998
-0.9471
4.6221
-2.7048
-3.3743
-4.5127
-5.0212
0.5566
-1.2046
1.9883
-1.1163
-3.4913
-3.4177
-0.1525
1.4873
-2.5599
1.8951
-2.1346
-3.4477
-0.3519
-1.6796
-1.4288
-1.7620
-2.2898
0.0989
-0.3676
0.0952
0.6640
0.5844
-1.0179
0.4257
-0.2597
-4.4358
0.4721
0.5856
-0.6074
-0.0655
0.5492
-1.9140
1.2651
0.9901
-1.4788
0.9348
-3.1535
0.1695
-0.6290
0.7243
0.3187
-1.4210
2.9727
-3.2665
3.6196
1.1521
-1.6067
-0.6667
0.2488
-2.5257
-0.1160
0.8252
0.7203
2.6118
-0.7834
-6.7756
-0.9627
-0.0931
0.5018
-0.7258
-3.6243
-1.6627
-4.9581
2.2153
-1.7421
4.8239
-3.3257
-1.9812
1.5855
-3.7218
-2.5577
-1.5971
7.2974
-4.6512
-0.3218
0.4937
-1.1012
-2.3632
-2.6656
-3.4797
-1.1972
2.7710
7.2088
0.4307
-0.1327
-2.6178
-0.8723
0.1338
2.6259
-4.3130
-1.3928
-0.0502
0.8797
2.0604
-2.1323
-4.6268
0.3758
0.1735
2.3840
-1.7492
-0.8568
-2.0323
-1.8929
-0.4536
-0.5402
-0.3324
0.4459
-1.7097
-2.4356
1.2447
-0.6297
1.8081
-0.3055
-3.6171
1.2793
0.0654
-3.6286
-0.6713
-1.2766
1.1847
-1.7626
-0.6409
2.9112
-1.0935
1.2974
-3.6463
-0.0196
-1.3132
-0.7099
-0.2997
-5.4608
2.3137
-4.2829
6.8843
1.4997
0.6572
-1.4476
-3.0141
-3.2238
-4.8316
-1.8102
0.9259
-0.9547
-2.0074
-3.3858
-3.8952
-1.3189
-4.5847
-2.2639
-1.5656
0.6129
-0.9134
4.4927
-1.7247
-0.4506
-2.2685
-2.8626
-0.1241
-0.4160
-2.1145
-0.9749
3.7766
-0.0313
-0.9897
0.0511
-7.4106
-2.8370
-2.1252
-1.9400
-1.6430
1.2496
0.9126
1.8721
-2.9273
-3.2420
-3.6925
-0.9695
-1.1150
0.6744
-0.9653
1.7099
1.9943
-2.8407
-1.6521
-5.1520
1.7973
0.7556
1.3247
0.2976
-0.1159
-0.3989
-1.0261
-1.1791
-0.2748
-0.4483
1.9747
0.1957
-2.6228
0.3087
-0.5740
-3.3830
4.5342
-1.6734
-4.5712
-5.2941
-0.8269
2.3180
0.1715
-3.1522
2.7810
-2.0187
-1.2942
-1.1278
0.0758
-2.3500
3.0633
-2.4975
-0.5472
-2.0412
-3.2352
1.5736
-1.4450
-1.7997
-1.4933
-1.6275
1.6532
-0.2200
-1.5976
0.2790
-4.3765
-1.2318
2.7125
-0.4127
0.3638
0.0961
-0.9971
-2.9787
-2.1156
1.6306
-0.2319
-1.6559
-1.5640
3.3291
0.8319
1.4699
3.0380
-0.6568
-2.7525
-1.0684
-1.4352
-2.0833
-3.5890
0.6322
-0.4900
2.2358
0.7624
-5.1708
2.3801
-2.1275
-0.3368
-4.9961
-3.8339
-0.9495
0.1803
2.7104
-2.8178
-1.0664
-3.8868
0.2528
0.2901
-2.5340
-1.2671
3.9817
-1.9772
-1.8982
4.0969
2.1392
-0.7402
-1.6947
0.0392
0.2575
-0.7707
-1.9343
-1.1719
-2.7243
-1.5359
-2.1070
-2.6154
4.9447
0.1809
-1.8970
-0.5231
3.3815
0.3198
-0.6347
-0.7752
0.3034
-0.8022
-0.8930
0.0125
-2.3761
-0.6858
3.6814
-0.8089
-1.1663
-2.7426
-2.3639
-0.9671
0.1681
-1.8492
-2.6307
-3.9085
-3.0432
-0.7312
-0.0055
-0.6338
-2.8243
-2.7537
-1.5778
0.7813
-0.1528
2.3679
-2.2964
-0.1176
0.9566
0.9438
-5.1805
-3.5915
1.2779
-0.4561
-1.8316
0.0855
-0.0021
-0.1473
-1.0514
-0.6715
1.0112
-0.6855
-4.2986
-2.6167
2.2518
-5.3828
-2.0369
2.9802
-2.8441
3.9738
-1.5976
0.4051
-3.9477
-0.9724
-4.0353
-3.8211
-1.9210
-0.6118
-3.4759
-0.1350
-3.1679
-0.5930
-3.5653
-1.0530
1.2800
-1.1494
-2.8897
2.7589
-0.8000
-0.8290
-1.8702
-0.1913
-0.5026
1.1169
-0.4106
-3.5999
1.6099
0.5191
-0.5366
-5.7157
-1.4974
-1.3113
-0.2262
0.9376
-0.6656
-0.8602
-3.9203
0.0937
-0.1059
1.4206
-2.0062
-0.3656
-0.9299
-0.5035
-1.9431
-1.8807
1.0920
-1.4845
1.7221
0.4935
-1.3122
-0.1894
-0.1842
0.5542
0.5966
0.1677
-0.8987
2.1388
-1.0669
0.8221
0.8616
-2.2466
0.2444
-0.7454
-3.1973
3.3475
-4.6810
-3.5085
-3.5987
-5.1358
-1.6913
-0.9390
-3.5429
4.4973
-1.8789
1.8547
1.8831
-3.0290
-1.9981
-2.7306
-1.3637
2.9160
-3.5463
3.7735
1.3871
3.1214
-3.2038
-3.9211
3.2876
3.1268
-0.4770
0.6788
-0.1744
-2.1412
3.8512
1.8711
3.0127
-0.4502
-1.4045
1.5285
-2.9271
0.0090
-1.0147
0.7924
-3.4445
1.5725
-0.0445
-3.5581
0.7871
-0.8646
-1.4228
-3.0129
0.0337
-3.4296
-1.0087
1.2709
-0.0202
-2.5876
0.5609
4.0849
-1.3885
0.4828
1.2433
-0.2713
-4.0196
-3.4983
-2.5998
1.2033
2.3686
-0.9742
0.8852
-3.7826
-1.5518
-0.0392
-3.0740
-4.1952
0.8346
0.4096
-2.7605
-1.3559
0.3671
4.9401
-3.1551
-0.1006
-0.6306
1.5153
-2.1539
-2.6837
-3.2439
-2.1487
-1.5447
3.3788
-2.0731
1.1966
-0.0244
0.1502
-0.2526
-0.8356
1.1222
0.0575
-0.2731
0.0684
-0.9565
1.1069
1.5308
1.1281
-1.1467
4.1397
1.1118
-2.1344
0.2833
-1.4812
-1.3053
-2.3274
-0.5611
0.9657
2.6030
-0.6416
-2.0879
1.9417
-0.4977
-1.0492
-3.9675
0.8992
-5.3584
-3.7611
-3.4436
-2.0710
3.9803
1.8486
-3.8435
0.6700
-3.1858
-3.2695
-1.2423
1.4947
-3.3878
1.0278
-0.9238
-1.8565
-0.0194
-1.7763
-2.6017
0.9624
-9.9449
-5.8581
2.9520
0.4942
-1.6037
-6.6301
-0.3404
-2.7683
0.3368
4.0339
3.5865
-3.1102
-5.0084
-2.5891
0.5394
-3.6634
4.9171
3.5660
-3.6692
-1.6068
0.2330
3.0423
-3.7213
-2.2527
-0.8468
2.2206
-5.0747
-0.4780
0.2118
1.0705
0.1592
0.7197
-2.0392
0.4885
-0.1088
-2.9524
-3.0134
3.1723
3.3113
-1.6022
-0.7284
1.6587
1.4354
1.7660
-0.2997
0.9838
1.1321
0.9686
-1.1425
-1.9025
1.7041
-3.0037
-0.3066
-0.2639
0.6796
-2.0322
0.0401
0.7949
1.2295
-0.6832
1.6680
-0.1118
2.1366
-0.4369
1.9254
-2.4867
0.0831
-0.6337
0.6169
0.5173
-3.3612
-3.0061
0.5906
-2.7161
0.0763
0.8249
-2.6367
-3.8781
-0.7475
3.3627
-1.6972
3.6327
-1.7949
-1.5257
-2.4722
-1.6822
-0.1100
1.1841
-1.1221
1.4284
-2.0446
3.6503
1.4139
4.0067
0.1049
-1.0470
-1.0571
0.8704
-0.0341
-0.0379
-0.8140
0.6491
-0.2808
0.1158
0.6214
-5.5029
-0.8317
-0.9969
0.9206
-2.3546
1.0262
-1.6481
-0.0254
-0.6460
-0.9756
-0.5890
0.1186
-0.0724
0.1334
0.3347
-1.3581
1.7089
1.1503
1.7780
0.8115
-0.3908
-1.8043
0.2604
-1.4014
2.7390
-1.1965
-1.7842
-0.5418
-1.1401
0.1948
-2.0240
-2.5335
-6.3236
0.6190
3.0583
-5.5065
0.4862
-1.1434
0.1063
-0.0359
-4.2990
-2.9519
2.9253
-2.2664
-2.7529
-1.9849
-2.8457
-0.1839
-1.5605
-0.1411
-2.8395
3.0313
-2.0291
-1.3149
-1.4302
2.0571
2.0017
2.3982
-2.7514
-1.2638
0.2252
-2.6628
-0.6672
1.4474
1.6945
1.9872
-3.8116
-3.0395
-0.0304
-1.1364
-3.3804
1.3275
1.2015
-1.9046
-4.1713
0.7961
1.8835
1.9894
-1.6953
-0.4827
-1.0158
0.0355
-0.6625
-2.5458
0.9718
-0.7940
-3.3935
2.2027
-3.7661
-1.0571
-0.4818
-1.3948
2.7213
-0.4818
2.5253
0.3789
1.0969
-1.8679
-3.0357
-2.1178
0.8537
-2.0914
-1.0868
-0.0622
4.3805
-5.7342
-0.7778
-4.1911
-4.1350
-0.5859
2.4473
-2.2206
4.0946
-2.5937
-5.0680
0.0121
-4.4442
1.4996
-0.3498
4.3632
-2.6343
-2.8561
1.0350
-0.5130
-3.1977
-1.0701
1.2230
-2.5587
-1.8697
3.8001
0.1892
-3.3710
1.7178
-0.6165
-0.5459
2.1051
-2.8218
1.6733
2.1659
-1.5297
-2.6962
-4.8705
-2.6804
-1.1099
-2.9923
0.2886
-1.8631
0.0747
-2.9379
-1.4554
-0.2630
0.5821
-0.6266
1.7928
-0.1336
1.9500
-4.5291
-3.1503
-1.6997
-0.6652
0.4363
1.3662
-0.8137
-0.5633
0.1664
-0.9245
-0.2910
-0.9584
0.3636
-2.9414
1.8407
0.7111
-1.5887
-1.5081
0.1130
-6.0918
3.7577
-3.5384
-3.0828
2.7916
2.3057
-3.6939
-2.2209
-3.7316
2.2147
-0.8662
-0.2218
-2.6316
0.2898
1.8839
5.5571
-2.2640
-2.3468
-3.3025
-3.4568
-5.0026
-1.1360
-2.7577
1.0893
-2.3164
-1.1007
-2.6150
0.2183
-0.9017
0.6325
-1.4592
1.3267
-0.6362
2.6381
-0.6028
-6.7686
-0.1527
1.0447
-0.9497
1.3376
-1.7376
1.6643
-0.2604
-3.3614
-1.4041
-2.5316
-2.2034
-3.0433
1.3293
2.2827
-0.5540
-3.0879
0.6995
-0.0365
-2.4217
-1.2812
0.5193
1.8530
-0.0422
-0.0175
-0.5412
-2.8466
0.4934
0.9642
1.6538
-0.6168
0.1289
-1.3513
-2.2232
-0.3182
-3.8879
-1.0424
-3.0565
-4.2784
1.3914
5.7369
-2.2430
1.2643
-0.0475
2.8582
0.8641
-2.6459
-2.3554
-4.6261
3.0989
0.4237
0.3336
0.4947
0.4821
-4.2963
-1.5586
-2.2989
-0.9154
0.2261
-2.4213
-0.5823
-1.8045
-0.5026
-0.0504
-1.4246
1.9033
2.3346
2.0735
-1.7232
-4.7609
-1.5073
1.7645
-0.7212
1.0143
-3.0312
-3.5089
0.7144
1.2026
-2.4741
1.5616
-1.8114
-3.1474
-4.5808
0.3994
-6.5950
0.6696
-0.9171
1.2539
-0.0058
0.6711
-1.4284
-1.2373
-0.6726
-0.2000
-1.7484
-2.2888
-0.2855
2.7085
2.0531
0.2926
-3.1192
3.3842
-0.2267
-2.6524
-0.8805
-2.6927
-1.3884
0.9659
-3.6028
5.9574
-2.4156
1.3883
0.5109
2.1012
-3.1420
-4.9226
0.5237
2.0512
-3.1301
-3.0787
0.3210
-2.5912
-2.4793
-1.5987
-2.0315
-1.1673
-1.5265
-2.0642
-3.8889
1.1749
-0.4039
-0.0953
3.3630
-0.8778
0.0906
-1.5255
-4.4218
-1.1282
-2.3025
-1.6415
-3.9946
3.1196
-0.9203
-0.3822
2.3246
-0.7804
1.1098
1.7597
-2.0718
-2.0770
0.3936
-4.5423
-1.4874
-2.1808
0.6999
-0.0955
-0.7051
-2.4334
0.2485
2.3841
1.7413
-2.9800
1.5145
1.3036
-0.2338
-0.1906
0.3133
0.5467
-4.0418
-0.5620
-0.7274
-1.8862
-0.6618
-4.3627
6.7231
-2.7730
-2.3792
-4.5155
-4.0206
0.7385
-2.7332
-2.3537
-1.9837
-0.6150
0.1722
3.6511
1.7338
-1.1334
-1.0215
-0.4373
-3.1437
-2.1010
1.2683
2.8807
-2.9792
1.4366
4.4459
5.9517
-0.8465
-0.7022
0.0329
-0.4404
-0.2910
-0.8647
-0.3816
-1.8910
-1.9114
0.3181
-2.0471
-2.3269
-4.1506
0.5251
-0.3999
-0.4353
0.8002
1.6117
-0.0180
-2.6508
-1.5993
3.5132
0.7165
0.6824
-0.8636
-1.1670
1.7150
0.5270
-2.0956
-2.0294
-2.4858
-2.5654
-2.7813
-1.2779
1.0378
0.8368
1.6545
0.1008
0.8602
0.8989
0.5320
-0.8319
-2.9761
-0.2771
-2.0590
0.2317
1.0243
-3.8587
-1.9520
-0.4134
-0.8441
-1.7566
-0.3306
-7.0045
-4.4527
-2.0871
3.6086
0.6018
2.3543
-4.7261
1.6465
0.4531
-1.6840
-2.3886
0.5883
2.7940
-1.9219
-1.3477
-2.5940
1.2295
-2.7174
7.3195
-1.7891
-1.2945
1.1654
-0.9774
-3.6870
0.0654
-2.0824
-0.6295
-2.0220
1.6069
-4.2897
1.0463
1.4941
-2.5595
-1.4426
-1.8289
-1.4032
1.4471
-0.9390
3.7045
-0.0077
-1.3451
-2.7699
-5.9475
0.6447
-3.1617
1.6972
0.3296
-0.3460
-1.1441
-2.6183
1.2310
-0.9243
-1.1331
-1.7713
3.7568
1.0281
-1.4841
-0.0723
-3.2441
-0.1436
3.1294
-0.8678
-0.8360
6.1799
-4.5203
-1.1595
-4.8920
-2.2433
2.1323
5.3290
1.4082
-1.8243
-3.4612
-0.1624
-4.0300
-1.8536
-3.2226
-2.4580
-2.7893
-3.3117
3.4364
-4.9800
-1.5362
-2.6990
4.6780
-0.2326
4.0751
1.0369
2.5102
-1.0559
-1.6766
1.6405
-0.8375
0.7029
1.3140
0.7568
-1.1868
1.4338
-2.4650
-1.7612
-0.2299
-1.6843
-2.1660
-0.4417
0.4708
0.4703
-3.2407
0.3558
-0.3002
-2.8037
1.3552
-2.0448
0.2387
-1.7670
-2.6173
-1.5324
0.1008
-0.2145
-1.8904
-1.3848
-1.8900
-0.0869
3.0892
-0.7845
-0.2698
0.4020
-0.9300
-1.0185
-2.7303
0.7383
-0.4446
-0.3566
1.0362
2.1722
-4.2263
-0.5652
-2.6539
0.3454
2.8280
-6.5202
2.6102
-1.8760
-2.6098
-4.6258
-0.9652
-4.6930
2.9570
-0.1935
-1.9222
-0.9155
0.6046
-0.0958
-2.2435
-0.2721
0.7490
2.3911
2.4732
-0.0200
-0.3929
-0.7100
-0.7194
-0.3615
-0.0808
-0.7144
-3.0614
-0.4525
-3.3418
1.8925
4.4440
-4.4006
0.2099
-0.5560
-3.4244
-1.3951
-4.3958
-0.8746
3.3822
-1.4574
1.8096
0.3149
-1.1760
-2.2896
-2.3978
-0.4010
-0.2548
2.3488
-3.5814
-1.5541
-1.4060
-1.4132
-3.2164
-3.4155
0.1851
2.5036
-0.7356
2.5006
0.0619
-0.8717
-1.0042
0.8928
0.4897
-1.3452
-1.9462
-0.4586
-2.0927
-1.5434
-2.9759
8.2027
2.3469
1.0898
-3.5625
-3.7064
-1.2043
-0.3024
-1.2889
-1.3972
2.9180
-0.9790
-5.5037
-1.4756
-5.3054
-2.7453
-3.8107
-4.8839
-1.7446
-5.0004
-1.2567
-4.6205
-1.2265
0.6243
-0.4629
-0.1512
-1.6450
-0.7609
-4.3270
-0.1118
0.9486
-3.7572
0.3341
-1.0312
1.1414
1.9134
0.0216
0.5305
-0.8171
0.0894
-0.8895
-2.5506
2.5284
-1.5113
1.4603
-1.6920
0.5665
2.3228
0.1259
1.2052
-0.5654
0.8211
-0.8981
1.2452
-2.2489
-0.4334
-0.5138
-2.4794
-0.2208
-0.4616
-0.0896
1.7960
0.3855
-0.7822
0.0156
0.2280
-3.1321
3.9000
-8.2495
-6.7539
5.3836
0.2770
-0.3224
-5.7873
-1.3254
-3.4160
3.6835
-0.1451
-4.2650
-4.2464
0.7555
0.1787
3.8760
6.3154
-1.4198
-3.3711
-1.7493
0.9080
-3.9226
-2.5328
4.1165
-2.0032
-0.4486
1.9657
-3.0875
-1.4984
-0.7700
-1.4704
-1.4917
2.0392
-0.9456
-0.1245
3.2005
-3.0995
-0.5713
-0.2910
1.5574
0.4127
-0.2161
-0.1733
-2.2638
-1.6621
0.5527
-0.9903
1.3612
2.4943
0.2437
1.6453
-2.0033
0.0422
-2.9597
0.0120
2.0982
-3.1295
-1.2985
-1.6862
-1.5828
-1.1774
-1.6222
-4.0250
-2.3137
1.9282
0.7317
-0.6943
0.5916
-2.4715
0.5098


Weights 1->2:
-0.1560
0.3766
-2.0548
-1.1541
0.4659
-0.2334
-0.4839
-0.2993
-0.4268
-0.4221
-0.8697
-0.5774
-0.4706
-0.5295
0.9548
0.3725
0.3974
-0.2411
-0.2306
-0.3803
0.6170
-0.2456
-0.1047
-1.0966
0.6160
-0.2243
-0.3723
-0.2121
0.2179
-0.0234
-0.2946
0.0226
-0.4504
0.1260
-0.3387
-0.6572
-1.3837
-0.6596
0.0016
-0.8971
0.0959
-0.3919
1.9371
1.0860
-0.4473
0.5353
0.3618
0.0531
0.3277
0.3433
0.5890
0.5181
0.4732
0.5406
-0.8252
-0.4380
-0.6357
0.2345
0.1441
0.5734
-1.0112
0.2093
0.0202
1.0631
-0.7212
-0.0928
0.3548
0.2160
-0.1726
-0.0027
0.1819
0.3026
0.7229
-0.1144
0.4129
0.7363
1.3120
0.5592
-0.0550
1.0676
-0.0360
0.0407
0.0216
0.0345
0.1568
-0.0890
-0.2169
-0.1803
0.0129
-0.0569
-0.0576
-0.1014
-0.0071
-0.0504
0.1602
-0.1049
-0.0398
-0.0514
-0.1924
0.0609
0.0423
-0.0941
0.0638
-0.0841
-0.0156
-0.0998
-0.0532
0.1365
-0.0853
0.0161
0.0348
0.0347
-0.0434
-0.0778
-0.1341
0.0447
0.0694
0.0233
0.0259
-0.0097
-0.0406
0.1757
0.0378
-0.1614
0.0276
0.0652
0.1463
-0.0688
0.0685
-0.1343
0.0837
0.0649
0.0150
-0.1020
0.1297
-0.0055
0.0926
0.0709
0.1658
-0.2080
-0.1342
-0.0783
-0.1054
0.0410
0.1831
-0.1132
0.0966
-0.0180
-0.1336
-0.1243
0.1001
-0.0009
0.0484
-0.0141
-0.0499
-0.1314
0.1067
-0.0893
0.1117
-0.1218
-0.0241
-0.0114
0.0810
-0.0318
0.0482
-0.0493
-0.0300
0.0989
-0.0917
-0.1360
0.0579
-0.1441
-0.1204
-0.0764
-0.0709
-0.0208
0.0605
-0.0303
-0.0112
0.0842
0.0317
-0.1688
-0.0181
0.0323
-0.1319
-0.0604
0.0153
-0.0980
0.0104
0.1522
-0.0943
0.1466
-0.0364
-0.0623
-0.0629
0.1100
-0.0929
-0.0017
-0.0173
0.0685
0.0197
-0.0058
-0.0522
-0.1398
0.1548
0.0609
0.0576
-0.0945
-0.1258
0.0526
0.0249
0.1227
0.0772
-0.0296
0.1345
0.1377
-0.1805
-0.1048
0.1669
0.1451
0.0820
-0.0168
0.0954
-0.1178
-0.0187
0.0299
0.0378
0.0123
-0.1485
-0.1617
-0.2588
0.0799
0.1486
-0.2048
-0.0202
0.1572
-0.1116
0.1309
-0.1096
-0.0591
0.0351
0.0979
-0.0480
-0.0255
-0.1640
-0.0291
0.0170
0.0936
-0.0040
-0.0089
0.1241
-0.0231
0.0328
0.0872
-0.0777
0.0194
-0.0916
-0.0728
-0.0121
-0.1577
0.2285
-0.0122
0.1002
0.0142
0.0251
0.0126
0.0340
0.0777
-0.2253
-0.0848
-0.0599
0.1846
0.0466
-0.0220
-0.1466
0.2088
-0.0849
-0.1107
-0.0751
-0.0821
-0.0405
0.0738
-0.0623
0.2841
-0.0999
0.2082
-0.0724
0.0668
-0.1472
-0.0263
-0.0283
-0.0248
0.0721
0.0624
0.2605
0.1913
-0.0326
0.1229
-0.1644
-0.0200
-0.0287
0.0497
-0.1004
0.0677
0.0319
-0.0543
0.1179
0.1636
0.0720
-0.1320
-0.0305
0.2359
0.0411
0.2228
-0.0349
0.0680
-0.1602
0.1080
0.0395
-0.2130
0.0242
0.0229
-0.1417
-0.0975
-0.0821
0.0650
0.0351
0.0955
0.0693
-0.1079
-0.1563
-0.2044
0.0975
0.1489
-0.0825
-0.0648
0.0479
-0.1267
0.0752
0.0257
-0.1074
-0.0544
-0.0796
-0.2419
-0.0183
-0.1439
-0.0507
0.2011
0.0195
-0.2559
-0.1382
-0.1033
-0.0282
0.0454
0.1200
-0.1865
-0.1091
0.0874
-0.0015
-0.0064
0.0646
-0.0447
-0.0387
0.0802
0.1607
0.2204
-0.1055
0.1309
-0.0970
-0.0142
0.1052
0.0537
-0.1230
-0.0047
0.0668
-0.0268
0.0705
-0.1919
0.0869
-0.1735
-0.1290
-0.0179
-0.0434
-0.1338
-0.1437
-0.0531
-0.1487
-0.0394
-0.1377
0.0547
-0.1684
-0.0425
0.0876
0.0834
-0.0750
0.0730
-0.1522
0.0441
-0.1074
-0.0035
-0.1585
0.0328
0.1241
0.0924
0.0329
-0.0877
0.0040
0.0782
0.0433
0.0859
-0.0674
-0.0457
0.0333
-0.1739
-0.1010
0.0083
0.0009
0.0282
-0.0493
-0.0693
-0.0769
0.0592
-0.0033
-0.0768
0.0221
-0.0818
-0.0153
-0.0307
0.0161
0.1176
-0.0294
-0.0837
0.0877
-0.0911
-0.0278
0.2106
-0.1638
-0.0469
0.1395
0.1387
-0.0634
-0.0343
-0.1196
-0.1859
0.0927
0.1153
-0.0098
0.0184
0.1281
-0.0302
-0.0257
-0.0352
0.1004
0.0779
-0.0795
-0.0498
-0.0146
-0.0893
-0.0046
0.1556
0.0089
0.0260
-0.1769
-0.0121
0.1294
-0.0802
0.0697
0.1153
0.1096
-0.1077
0.1020
-0.0246
-0.0219
0.0906
0.0270
-0.0202
-0.0355
-0.1287
0.0185
0.0342
-0.0117
0.1551
-0.0007
0.1213
-0.1010
-0.0472
-0.0669
-0.0749
-0.0604
0.0720
-0.0222
-0.0341
0.1623
-0.1099
0.0372
-0.1670
-0.1029
-0.0005
0.1552
-0.0259
-0.1516
-0.2199
0.0446
-0.0800
0.1969
0.0023
0.0160
0.1026
-0.1668
0.1264
0.1163
-0.1085
-0.0931
0.0618
-0.2225
0.0529
-0.0590
-0.1253
0.0792
-0.0058
-0.0084
-0.0508
-0.0671
0.0049
-0.0445
-0.0783
0.0366
0.0974
0.0034
0.0099
-0.0090
0.0952
0.0025
0.0574
-0.1200
0.1672
0.0214
-0.0415
-0.0188
0.0226
-0.0908
0.0572
0.0581
0.1188
0.0010
-0.2177
0.2154
-0.0584
-0.0647
-0.2241
-0.2426
0.1715
0.0674
-0.1222
-0.0922
0.0127
0.0143
0.0492
-0.0852
-0.0855
-0.0419
-0.2632
0.0456
-0.0128
-0.0811
0.0207
-0.0400
0.0580
-0.0266
-0.0126
0.0226
0.0882
-0.0586
-0.0598
-0.0966
-0.0680
0.1082
-0.2525
0.0915
-0.0246
0.0750
-0.1521
0.1655
-0.0048
0.1149
-0.0677
-0.0398
0.1129
-0.0603
-0.1447
0.0742
0.0546
0.0332
-0.0444
0.1090
0.1123
-0.1139
-0.1095
-0.1166
0.1383
-0.0575
0.0187
0.1551
-0.0070
-0.2274
0.0975
-0.2004
0.0872
0.2078
-0.0471
-0.2022
-0.0824
0.0601
0.0910
-0.0947
-0.0821
-0.0387
-0.1044
-0.2663
0.1154
-0.0041
-0.0505
-0.0692
0.0728
-0.1687
0.0151
0.0367
-0.1179
-0.0582
-0.2007
0.0929
0.0651
0.2347
0.0567
0.0241
0.0095
0.0103
0.1263
-0.0554
-0.0270
0.0643
-0.0835
-0.0530
0.1161
0.0147
-0.1520
0.0340
0.0339
0.0434
-0.1039
0.0074
-0.1268
0.1431
0.0479
-0.0398
0.0115
-0.0833
0.0127
0.0814
-0.0354
0.1617
0.0655
-0.1588
0.0234
-0.0310
0.0019
-0.1683
0.1686
-0.1609
0.0875
-0.0130
-0.0983
0.0483
0.0736
-0.0061
-0.0762
0.0113
-0.0097
-0.0051
-0.0316
-0.0931
0.1177
-0.0258
0.1194
0.1012
-0.2203
0.0666
-0.0215
0.0282
0.1969
-0.0507
0.1472
-0.0440
0.1169
-0.0466
-0.0656
-0.0380
-0.0323
0.0202
0.0586
0.0704
-0.0575
0.0767
0.0213
-0.0502
0.1563
0.0645
-0.2143
0.0102
0.0329
-0.0778
0.0850
-0.0611
0.1582
-0.0377
0.1524
0.0083
0.0965
-0.1044
-0.0663
0.1078
0.0670
0.2588
0.1389
0.1243
-0.1317
0.0054
-0.0024
-0.0875
-0.1296
0.2299
-0.0387
-0.0928
0.0443
0.0940
0.1061
-0.0632
-0.0493
0.0334
0.0952
0.0689
-0.0231
0.2040
-0.0108
-0.0095
-0.1296
-0.1190
-0.0692
-0.1838
-0.0672
-0.0858
0.1681
0.0618
-0.0461
-0.1168
0.0742
-0.1050
0.0510
0.0398
-0.1260
0.1239
-0.0805
0.1220
0.1387
-0.0862
0.0415
0.1276
0.0092
0.1368
0.0439
-0.0743
-0.0488
-0.0028
-0.0323
-0.0481
-0.1597
0.2032
0.0218
-0.0732
0.0345
-0.0223
0.1704
-0.1190
0.0711
-0.0055
0.0347
-0.0344
-0.0177
0.0358
-0.1341
0.0465
0.0018
-0.0490
0.1164
-0.0635
0.0251
-0.0762
0.2602
-0.0566
0.0103
0.0048
0.1525
0.1048
-0.0412
-0.0179
0.0266
0.2326
0.1033
-0.0395
-0.1690
-0.1506
0.0934
-0.1667
0.0502
-0.0849
-0.0774
0.2073
0.2348
0.0874
0.1009
-0.1589
0.0547
-0.1566
-0.1418
-0.0845
0.0517
-0.0080
-0.0398
-0.0835
-0.0958
-0.1664
-0.1905
-0.1156
0.0631
0.0045
-0.0095
-0.0523
-0.1912
-0.0230
0.1127
-0.0530
0.0294
-0.0469
0.0514
0.0746
0.0377
-0.0367
-0.0413
0.1587
-0.0495
0.1351
0.0536
0.0608
0.0999
-0.0709
-0.0360
0.1562
-0.0022
-0.0511
0.0261
-0.1664
0.1048
-0.0505
0.1518
-0.1250
0.2236
0.0879
0.1157
-0.1842
-0.1348
0.0766
0.0970
0.0558
-0.1939
-0.1007
-0.0902
-0.0245
0.1597
0.1210
-0.0819
0.0015
-0.1935
0.0865
-0.1976
-0.0460
-0.0296
-0.0843
0.0462
0.0595
0.2048
0.0079
0.0027
-0.0062
0.0308
-0.0346
0.1728
0.1764
-0.0358
-0.0482
-0.1449
-0.1607
0.0809
-0.0229
0.0836
0.1066
0.0453
0.1095
-0.0251
-0.0990
0.1088
0.0165
-0.0746
0.1422
0.0534
-0.0388
-0.0802
0.1994
0.0159
-0.0845
0.0575
0.1469
-0.1085
-0.0060
-0.0518
0.0850
0.0696
0.1749
-0.1226
0.0411
-0.0820
-0.1369
0.0159
0.1570
-0.0362
0.0198
-0.0685
-0.1558
-0.0326
-0.0239
-0.1288
-0.1384
0.0638
0.1031
0.0217
-0.0269
0.0184
0.1775
-0.0503
0.0511
0.0970
-0.1551
-0.0582
-0.0208
0.0509
0.0053
0.0274
0.0867
0.0581
0.1190
0.0106
-0.0493
0.1026
-0.0179
-0.1538
-0.0412
0.0396
0.1202
-0.0554
-0.0196
-0.0965
-0.1147
-0.1126
0.0735
0.0467
-0.0712
-0.0073
-0.0429
0.0993
0.0691
0.0176
0.1417
-0.0137
-0.2066
0.0420
-0.1169
0.2219
-0.2140
0.1620
-0.0921
0.0429
0.0774
-0.1378
-0.0000
0.1727
0.1266
0.1204
0.0938
0.0669
-0.1156
0.0266
0.0971
0.0811
-0.0339
-0.0744
0.1062
-0.0632
-0.0899
0.0831
-0.1448
-0.0046
0.0213
-0.0255
-0.0586
0.0154
-0.0616
0.0935
0.0026
0.1518
0.0030
0.1643
-0.0216
-0.1772
0.0597
-0.0110
0.0836
-0.2301
0.0684
-0.0270
0.0506
0.0857
0.0047
0.0048
-0.1329
-0.1423
0.0022
0.1069
0.0084
0.1170
0.2158
0.0600
-0.0550
-0.0079
0.2758
-0.1625
-0.0074
-0.2206
-0.2085
-0.0686
-0.1491
0.0531
0.0022
0.1766
0.0990
-0.0707
-0.0437
-0.0364
0.0212
-0.1026
-0.1346
0.0758
-0.0859
-0.1147
0.0939
-0.0927
-0.1169
0.1236
0.0356
-0.0724
0.0166
0.0186
0.0934
0.0862
-0.1110
0.0778
-0.0101
-0.0821
-0.0588
-0.0486
-0.2201
-0.0223
0.0978
0.0423
-0.1120
0.0337
-0.0913
-0.0307
0.0791
0.1593
0.2073
-0.0115
-0.1214
0.0919
0.0135
0.0374
-0.0291
-0.0031
-0.0608
-0.0668
-0.1934
-0.1240
-0.1401
-0.0481
0.1379
0.0072
0.1373
0.0183
0.0679
-0.0726
-0.1519
-0.0899
-0.0089
-0.1113
0.1453
-0.0512
0.2330
0.0064
-0.0615
0.0084
-0.1246
0.0468
0.0110
-0.0532
-0.1541
0.0218
0.0120
0.0873
-0.0553
0.0233
-0.0437
-0.1497
0.0813
-0.1909
-0.1143
-0.0510
-0.0938
-0.2054
-0.0674
0.0880
-0.1117
0.0815
-0.1223
-0.0318
-0.0586
0.0427
-0.0791
0.1089
0.1131
0.1721
-0.0058
-0.0451
-0.1992
0.0432
-0.0714
0.0031
0.1883
-0.0037
0.0144
-0.1127
-0.0618
-0.1764
0.0936
0.1296
0.0406
0.0123
0.0937
-0.1090
0.0988
-0.0503
0.0317
-0.0670
0.0353
-0.0839
0.0437
0.0594
0.1059
-0.1959
-0.0372
-0.0048
-0.0267
-0.0086
-0.0956
0.0130
-0.1395
0.0755
-0.0389
0.0055
0.1052
-0.0256
0.0005
0.0217
-0.0386
-0.1866
0.0072
0.0833
0.1542
-0.1864
0.0524
0.0696
-0.0853
-0.0806
-1.5203
-0.5790
3.2960
2.9431
-0.1491
0.0225
-4.3990
1.3462
1.6858
1.2744
-0.3268
2.0413
0.7790
-5.5857
-0.8460
-3.2949
-0.9146
1.5258
3.4416
2.5991
-3.9534
-1.0208
-4.2889
1.1637
-3.4956
-2.8840
1.4736
2.1655
-0.1086
1.9792
-0.2760
-0.5240
-0.0140
-3.1145
3.0318
0.6637
2.1967
2.2777
0.3461
3.2511
2.7394
1.5020
-0.2724
0.0833
-1.9030
2.7319
0.2937
1.3486
1.5097
-0.1001
0.6227
1.8624
-1.5850
1.9147
1.8950
0.1553
5.2114
-3.0029
0.5833
-0.2008
1.4046
-1.9391
1.9500
0.5439
0.9368
1.5752
-0.8895
2.1193
2.3084
-0.1537
2.1743
1.3431
0.7304
-1.4220
-0.9953
-2.5125
0.1852
2.3300
-2.0094
0.4923
0.9650
3.8013
0.1195
0.4758
1.4433
0.4334
2.0373
-2.3158
-3.7018
-3.0989
-1.5919
1.2805
3.3638
-0.0256
-0.3553
-0.4435
-2.3942
0.6714
2.1860
-0.4982
0.2495
-1.1199
0.8406
4.7479
2.1036
0.7471
0.3413
-1.9047
0.5171
3.6749
-1.9119
1.4228
0.1087
1.3756
0.1562
0.4281
2.4099
4.6994
1.1111
0.2974
-0.0923
2.6033
-0.3889
0.9714
1.7411
0.0003
1.9470
0.5432
-1.2335
2.4307
0.4032
2.3195
-0.8865
1.5132
0.0460
-0.5723
5.9521
-0.7777
1.1152
-0.4319
-2.1721
-1.0437
3.6987
-0.2167
1.9971
0.4327
-0.4410
0.8974
0.4676
-0.3764
1.6633
1.0085
-1.1847
-0.3322
0.2029
-2.0135
-0.8735
0.3477
-2.6918
1.7829
0.9219
0.8555
-2.3270
0.9742
-1.9040
1.7071
0.9389
-0.2360
-0.9599
2.3884
0.5983
0.5751
-1.1635
4.3498
1.4302
1.5625
5.4370
-0.7892
-0.8982
0.1179
-4.3917
1.1539
-0.0395
-1.0895
2.1250
1.3026
2.9094
0.5396
-0.5509
-2.5420
0.4790
-0.6320
2.0570
1.1978
1.7310
0.5066
2.6978
1.4971
-3.7923
1.7327
1.3670
0.8667
0.6499
2.1921
0.5572
1.6414
0.8704
-0.0456
-0.0671
2.0775
-0.0953
1.7758
0.3438
2.4134
2.2924
-0.2725
5.3956
-3.1197
0.2754
-2.5088
0.7074
0.9600
0.9521
0.4190
2.6775
1.6129
0.7737
2.3649
0.4846
2.1661
-1.0958
-0.1163
-0.2513
0.4349
0.1174
-1.1079
-1.0453
2.3343
-2.5522
0.3946
2.2719
0.5883
-1.4552
1.7010
3.0315
-1.1976
2.0004
-2.2198
-2.3508
-0.3782
2.7850
0.3228
-2.7799
-1.1295
0.8161
5.7747
1.5709
-1.1387
-0.9241
-0.1325
-3.0454
-1.2850
2.3163
-0.6663
0.6000
-2.3026
-4.4159
-0.1946
0.3025
1.0339
1.7329
0.8777
-3.3910
-1.5855
-2.3561
-1.8856
0.1517
-1.8058
1.7808
4.5237
-2.3376
1.2548
3.4628
-0.9273
-0.2347
-2.1588
0.8872
-2.3770
0.7328
1.5988
-0.4463
1.4564
1.4232
1.2494
0.9653
3.4199
-3.0683
1.9317
-0.4099
2.6005
-0.3622
1.6458
0.3874
0.1434
0.8126
-0.2995
1.1681
0.6962
0.5664
-0.2508
1.5755
2.5296
-2.4531
-0.3248
0.4984
1.2005
1.2998
0.7787
1.2640
-0.8710
0.1357
-0.9412
3.2211
0.8027
-0.8185
-0.6312
2.6086
-1.1085
-1.7079
-0.3468
-1.4416
1.3663
-0.4910
-1.7088
-0.4160
-3.3015
-1.2531
2.4747
2.3615
0.3382
2.3030
0.6629
-0.9749
-0.8747
-0.0003
0.3369
0.7734
1.2229
2.0058
1.8599
0.6963
0.9534
-1.3943
1.8843
0.5559
2.6368
1.6662
-2.5691
0.5885
0.9128
-0.3960
-0.7754
1.7250
-1.9093
-1.2386
0.8991
1.3079
2.1527
-0.6801
2.3882
0.7148
-2.8199
-0.4723
0.3926
-2.0150
2.3806
5.4640
0.6744
-0.5558
1.6742
2.5144
2.1509
1.0722
0.2119
-0.7084
-1.4043
-0.2503
0.8020
-1.7791
0.7166
0.9193
2.3376
0.2589
-0.9115
0.5433
-1.8063
-0.2336
0.0840
2.5182
0.2554
-0.7944
-3.5396
-0.6402
-2.7219
2.5206
0.3540
2.0413
0.9894
-1.8786
-2.0740
-0.4072
-0.4626
2.2595
0.0166
-0.2512
-0.4720
-4.2135
1.5790
2.0646
0.9355
1.2283
2.0832
-1.0992
-2.0730
-1.0531
-0.7513
2.4667
-1.1230
-1.2255
-0.0016
0.5569
3.1227
1.0884
-0.9111
2.8842
1.6484
2.0414
-3.5946
1.9095
-1.4201
3.1736
2.6341
1.7598
1.4816
2.2457
2.0538
1.3529
-0.0335
2.2214
-0.5667
1.5678
-1.9977
-1.5615
2.4172
-3.3163
2.0726
1.8858
-0.7290
-1.1860
2.7404
-0.5909
1.3438
-0.3801
0.7494
0.0097
1.0632
-2.5967
-0.2871
-0.5438
4.1230
1.6716
-1.5817
1.2793
-1.5330
-0.6320
-0.3084
0.2568
-0.1033
2.6524
1.0082
1.9537
1.9455
-2.7814
-1.3475
-0.3178
-0.3036
0.3835
2.5086
2.5541
0.2620
-0.1730
-1.0334
1.3895
1.7413
0.9936
-0.0907
5.0358
2.0791
-4.0066
-1.7734
-0.4767
0.8545
1.2592
-1.1317
0.4054
1.0405
0.6702
0.3476
-0.7978
-1.2816
3.5118
-0.9340
-2.3010
4.3458
1.4611
2.7642
-0.9746
0.1958
-0.2121
0.7080
-4.2101
0.6220
-1.8470
3.2854
0.4932
-0.8389
2.9082
-1.9152
1.5119
2.4304
1.4385
0.1807
-2.0914
1.2748
-0.8449
1.7154
0.7691
2.2210
-0.5725
-0.4190
0.1135
2.1917
0.7256
2.1955
-0.3854
1.8674
-0.6415
2.0490
-0.1377
-0.2016
-1.5179
0.4372
-2.9764
1.8961
-1.8142
-2.4557
-3.8919
1.3052
-0.3223
0.1496
-0.6555
-4.7467
1.3696
-0.2373
1.0040
-2.3563
1.3045
-1.2645
3.3243
0.9423
4.0063
-1.2864
1.1900
2.9693
3.1624
-0.0739
-2.3636
-0.8540
-0.7730
1.6931
2.1812
0.1186
0.1037
-2.4039
-0.0326
-1.2968
-1.2750
0.9429
-0.0449
0.1066
0.9678
-0.1745
2.4746
-3.0480
0.3342
-0.2387
-1.8933
-1.1636
0.9110
-1.8213
-1.1779
1.6046
-0.3269
-2.3819
-2.5320
1.5030
2.2422
-0.3556
-2.9457
-1.2340
2.3901
-1.2705
0.9077
-0.9734
-1.1331
0.6420
-0.5051
-2.3468
0.2702
2.6666
1.3835
-1.7622
0.0033
4.3056
-1.2431
-0.5370
-0.3549
-0.4215
-0.6360
-1.2654
3.9143
0.8160
-1.1640
-0.4050
-2.7437
0.5280
0.1989
-0.1874
3.4579
0.8923
2.3088
-0.0775
-0.5946
2.2012
-6.3708
2.1361
0.2671
4.3806
-0.4512
0.0478
-1.5003
-1.9325
0.8940
-4.6958
1.8026
0.0315
1.0993
-0.8819
0.4779
-3.6947
-0.2384
1.7943
0.5039
2.1740
2.0186
2.7600
3.4571
0.9495
4.2775
-2.6569
-1.1272
-1.3147
0.2436
0.4225
2.1642
0.5277
-1.0982
-0.0119
-0.9414
-2.2300
-0.3577
0.4848
1.1231
1.8080
-1.5344
1.4238
1.9809
-1.5045
2.5979
1.4287
0.9876
1.1869
-0.4087
-2.0017
1.1166
-1.2981
-2.1307
-0.6067
-0.6609
1.1038
1.6428
2.0896
-1.1184
-1.5699
-0.5530
1.9811
-0.8485
0.2997
-1.3615
0.1976
-4.1138
0.3081
1.7440
0.9807
-2.0506
2.1945
1.9170
0.3043
-0.2046
-0.3703
0.1602
-0.3915
1.3229
2.1143
1.6347
-2.8288
1.4998
-1.6463
2.3383
-2.9185
-0.4333
0.2600
-1.3912
-0.2141
-1.5098
2.7902
-5.1086
2.0056
1.5379
0.3237
-1.1859
-0.6534
0.5045
2.3482
0.1007
-0.4221
1.2030
-0.7477
1.4481
-1.1452
-0.0066
-1.1940
0.8885
1.5464
2.1505
1.0428
0.6548
-2.6734
0.0316
-0.9202
0.8452
1.9378
0.1971
-2.7390
0.0990
-2.4509
1.4494
-3.5659
-0.6469
1.8219
-0.9228
1.4773
2.3000
1.0600
1.2478
-0.3370
-2.7497
3.0280
-0.3282
1.2400
-0.5369
1.3331
-1.7827
-3.7291
-0.7919
4.2955
-0.0644
0.1950
0.9494
-0.7698
-0.4365
-0.3413
-0.6949
0.0268
-0.3448
0.1139
-0.2768
0.2305
0.6628
-0.4640
1.7621
0.6902
0.1578
0.2692
2.2738
-0.1749
1.4728
3.8472
-0.0233
2.0210
0.6015
0.3759
1.1978
-0.3355
-1.8941
-2.0228
-3.6604
1.2109
-1.8998
0.5465
-0.1862
-1.6519
-2.8584
-1.7363
0.5304
1.6158
0.7876
0.6271
0.4660
0.5935
1.3369
-1.4871
-0.5042
-0.7052
-0.8642
0.4791
1.3953
-0.8644
1.9226
-1.5558
-0.2582
-0.5174
-5.5950
1.7059
-0.2088
2.5758
0.1642
-1.1404
2.0005
-2.5126
-0.0052
-2.3248
1.1836
0.9055
0.7467
-2.3136
-1.0776
-3.1325
1.1004
-1.1673
2.5218
-0.5956
0.8024
-1.4837
-0.1072
-3.1124
0.2721
-1.9648
-2.0785
-2.7590
-4.0900
2.6941
3.2713
3.1178
-3.9118
3.4883
-4.4587
-2.1100
2.4546
-0.2865
-1.6915
-2.0088
2.8222
-2.1762
0.3389
0.0257
-2.4613
1.2846
0.6794
1.9475
-4.1910
1.1417
-2.2753
-1.6825
-0.2135
-2.3778
-1.1691
3.1368
3.9306
-0.2733
-1.2917
-4.1426
-2.3418
1.2392
4.0588
-3.7521
-1.9787
0.1482
0.1525
1.1855
1.0974
-2.6557
1.4120
-2.1658
1.4531
-2.1091
-1.7724
1.5358
-0.5804
1.7625
-1.4826
-0.0624
0.0595
-1.4212
0.3470
-0.5039
0.5763
1.9322
-1.0959
-1.5153
0.3814
-1.0909
-0.0433
0.3361
-2.0936
1.3240
-1.1134
0.6544
0.3235
-0.7219
2.6887
3.9676
1.7280
-0.4956
-0.3541
0.7116
0.1441
-0.4034
1.5497
0.3801
-1.8398
-1.0337
1.1079
1.6754
1.3633
0.4252
0.0827
-1.7671
0.5457
-3.5104
-1.2790
0.0100
-1.3983
-1.2634
-0.4315
-0.4581
0.6983
-0.7275
-0.0816
-1.6565
-0.4252
-0.3108
-0.6261
-0.3899
0.0588
-1.0442
-0.9508
-1.0159
-1.2959
-1.2258
0.4388
-1.7267
-1.1414
-0.6069
-1.0894
-0.6691
-1.4744
0.6454
-0.6737
-1.0646
-0.1036
-1.5697
2.7001
2.2814
-0.9325
-1.2362
-1.2044
-1.0657
-1.0053
0.1540
-1.4215
-1.0150
1.2894
-0.3609
-0.0683
-0.2324
-4.3898
2.5933
-0.7370
-2.6490
0.7702
-1.1608
1.0806
-0.4109
-1.0904
0.4801
-1.2511
-0.8954
-1.0969
-1.0920
0.0095
-0.6245
1.7442
-0.6526
-1.3195
0.5463
0.6832
-2.3949
-1.5777
0.7097
0.2739
0.3705
2.4489
1.3694
-0.9463
-1.1525
-0.2428
0.8743
-1.1755
-2.0309
0.2181
-1.4175
0.3407
-1.2845
-0.7094
-1.3400
-4.3961
-0.2052
0.0621
0.3287
-1.2277
0.4351
1.1841
-0.4734
-0.4202
-1.2357
-1.2971
-0.1260
1.1352
-0.0171
-1.1922
0.4394
-1.3680
0.6006
-1.5205
-2.0742
-0.6047
0.6771
0.9380
0.2502
-1.4328
-0.5914
-2.1712
-2.1280
2.0178
0.8024
0.0514
1.2898
-1.0778
1.1573
1.5316
-0.9693
-1.4967
-0.8669
0.0905
-0.5893
-0.3775
0.0847
-0.6731
-1.0679
-0.1656
0.1538
-0.6638
-0.1094
0.7610
-0.6662
-0.4855
-0.6579
-0.8402
-2.0033
0.1402
-1.1246
-0.1017
-0.3328
0.0029
0.5037
1.6994
-1.2425
-0.7614
-0.0365
-0.7622
-1.2791
-0.3689
-1.3017
-0.4723
-0.7761
1.9290
-0.9162
-0.0765
-0.5571
0.1737
-1.2829
-1.8105
-0.9130
2.3061
-0.5958
-3.6250
-0.7990
-0.2992
-1.1572
-1.7077
-0.0338
-1.4886
-0.6042
0.9201
-0.4239
-0.8270
-0.5921
-0.8026
2.2474
3.1458
-1.0172
-0.3331
-0.8050
-0.1738
0.0892
-0.0435
-2.0814
-2.5914
-1.7740
-1.5601
0.0275
-0.6265
-0.2705
-1.0230
-0.8094
0.8512
0.2670
-0.4555
0.6499
-0.9438
-0.7290
-0.7272
-0.6095
-0.4495
-0.7309
-3.9215
-0.5965
-0.5369
-1.0008
-0.9030
-1.0298
-0.6958
-0.4103
-0.7012
-0.6201
-0.6084
-0.7412
-1.4455
-1.4395
-0.7122
-0.9564
-0.6937
-0.5419
-2.0057
-0.8329
-0.6426
-1.5135
-0.8580
-0.7567
-0.5413
-0.8649
-0.6055
-0.8219
-0.6596
-0.7343
-0.8424
-0.7909
-1.3990
-1.0547
-1.0425
-0.7187
-0.8281
-0.6657
-0.3305
-0.6627
-3.9392
-0.4673
-0.4389
-1.0047
-0.8274
-0.9010
-0.7530
-0.5301
-0.6547
-0.5474
-0.4749
-0.5236
-1.5502
-1.4219
-0.8214
-1.0033
-0.7556
-0.5835
-1.9706
-0.9409
-0.6297
-1.4519
-0.8190
-0.7689
-0.7104
-0.6717
-0.6635
-0.9369
-0.5339
-0.7352
-0.8784
-0.5326
-1.3502
-1.1097
-1.1484
-0.8038
-0.6337
-0.5689
-0.6360
-0.5520
-3.9075
-0.5157
-0.3075
-1.0186
-0.8971
-1.0591
-0.9632
-0.6222
-0.7072
-0.6556
-0.4952
-0.6826
-1.4708
-1.4762
-0.7400
-1.0004
-0.5072
-0.4908
-1.9924
-0.6424
-0.5163
-1.3484
-0.7938
-0.8953
-0.7475
-1.0085
-0.6161
-0.8700
-0.6935
-0.6717
-0.8165
-0.9292
-1.4932
-0.9840

Direct connections:
