version: 10
file format: 0

training data file: ../subwords/english/32.txt
validation data file: ../subwords/english/32_test.txt

last probability of validation data: -17717.362146
number of finished iterations: 10
current position in training data: 0
current probability of training data: -17664.997976
save after processing # words: 0
# of training words: 111345
input layer size: 70
hidden layer size: 40
compression layer size: 0
output layer size: 62
direct connections: 0
direct order: 3
bptt: 3
bptt block: 10
vocabulary size: 30
class size: 32
old classes: 0
independent sentences mode: 0
starting learning rate: 0.100000
current learning rate: 0.003125
learning rate decrease: 1


Vocabulary:
     0	       781	</s>	0
     1	     21350	â–	0
     2	     11009	e	1
     3	      8691	t	2
     4	      7301	a	3
     5	      6756	o	4
     6	      6154	i	5
     7	      5983	h	6
     8	      5753	n	7
     9	      5359	s	8
    10	      4388	r	9
    11	      4043	d	10
    12	      3977	l	11
    13	      2803	u	12
    14	      2230	w	13
    15	      2092	g	14
    16	      2000	c	15
    17	      1911	y	16
    18	      1735	m	17
    19	      1618	f	18
    20	      1214	p	19
    21	      1174	b	20
    22	       944	k	21
    23	       874	'	22
    24	       672	v	23
    25	       170	q	24
    26	       107	x	25
    27	       105	-	26
    28	        91	j	27
    29	        60	z	28

Hidden layer activation:
0.0020
0.0052
0.0033
0.0079
0.3687
0.0165
0.3357
0.0000
0.0279
0.4886
0.8572
0.0024
0.8585
0.0854
0.2071
0.0000
0.0048
0.0696
0.8585
0.0178
0.2895
0.0007
0.0011
0.0780
0.0054
0.3093
0.8884
0.0029
0.0010
0.0079
0.0157
0.0242
0.4461
0.0640
0.0140
0.0004
0.0231
0.0172
0.0015
0.4844

Weights 0->1:
-1.1067
-5.4659
-5.3472
-1.7793
-3.6726
-0.9599
-0.4264
-1.3939
-3.9178
-1.0165
-3.1021
-0.0301
1.6707
0.3186
-2.2098
1.1079
1.6270
-2.6681
0.7117
0.6124
0.9759
3.0486
-0.5979
-3.4126
3.4429
-2.1418
-0.4076
-2.9657
0.8434
1.0788
2.1478
-0.5271
-4.1986
-5.7499
1.4084
0.1845
-1.2603
1.0156
-2.3224
1.3673
-0.4231
-0.0394
1.6249
-0.6691
-1.1488
-1.8544
-0.5215
-1.9058
-1.3883
-2.0246
3.7978
-0.0814
1.4249
1.5405
-0.0585
2.2620
-1.8285
-0.0635
0.1852
-1.4072
0.5528
2.1523
-0.1168
3.3683
0.1601
-1.2287
0.3633
-2.2087
2.3267
-0.3061
-0.2851
-2.2300
-2.8223
-2.1877
-1.9143
-2.2901
-1.8337
-0.8390
0.0034
5.5062
1.0925
-0.7345
-2.4431
-1.2561
-2.9207
-3.9253
0.6302
-0.3179
-0.5421
1.1459
-1.4935
-2.7253
0.2628
-0.0089
-1.0335
5.2632
3.2801
-1.2146
1.8367
-0.1350
0.2059
-3.1259
-3.9078
-4.0245
1.8075
-1.5616
-0.0898
0.8753
1.3614
0.2527
1.7369
-0.7305
-1.0040
-0.7379
-1.2688
-0.2246
-1.6839
0.0826
-0.3557
-1.1670
0.1214
-2.7995
-1.2984
-1.6822
-0.7246
-0.2583
-0.5619
-0.2554
0.1113
1.2981
0.7167
-0.2093
-1.7764
-0.5496
-0.8432
-0.5320
1.1260
1.5225
-0.3443
-0.6019
0.3835
-2.9425
3.2394
-1.4154
1.2532
-3.2118
3.4384
-1.9393
-2.6349
-3.3305
-1.8657
-0.5680
-2.9320
6.2717
-4.4337
4.2105
-3.4413
-4.3444
-3.1785
-0.2158
-0.0236
-3.1408
0.3347
8.4420
-1.9390
-3.1149
0.4381
-0.0868
-2.4837
-0.1693
-3.9127
-0.8530
-0.7416
-0.1875
1.4636
-1.1219
1.3114
0.2657
0.6547
-1.8002
0.3211
-0.0992
-0.9736
-1.1477
-0.3956
2.3245
0.1075
-2.4178
-2.1516
-0.8171
-4.9157
-0.0736
-0.5720
-1.9798
-1.6126
-1.8969
-1.7978
-2.4011
-3.3337
-0.6562
-3.7407
0.2628
-0.8477
0.6036
-0.4601
-1.9609
1.9605
2.4700
-1.2382
-3.9983
0.7129
-1.6231
-0.5191
-1.9064
1.2898
-1.0226
-2.6227
1.0097
-2.2875
1.5477
-1.1984
-3.2937
3.7313
-2.2212
1.5413
-0.0442
-2.7438
-2.8435
0.4530
-0.4207
-1.8962
-2.7331
1.0517
2.7113
-1.2513
-1.9040
-0.7712
-0.0774
0.3882
-0.1150
-3.1401
1.0645
0.6329
0.1558
-1.4814
-0.2048
-1.7766
-2.9127
-1.3864
-0.6614
-0.2318
-0.2087
0.0509
-2.5263
-2.3383
0.1893
0.5717
-3.0810
-0.9570
-0.6758
0.5664
0.4373
0.3736
-1.7290
1.2600
-1.1182
-0.4901
-3.4214
0.4856
0.0931
-1.7851
-1.4174
-2.5065
-3.9243
-0.1399
-2.4028
-0.2739
-2.7002
0.0171
-1.0221
-0.2201
-2.4138
-2.9943
-2.7416
-2.9078
-1.1620
0.3699
-2.2259
-0.1613
-4.6907
-2.4421
0.3171
4.4105
2.3874
-2.2821
4.9739
0.2124
-0.8453
-1.0955
-3.3331
-3.3075
-2.1511
1.8465
-0.6326
-0.4353
0.5608
-0.9232
-0.6229
-0.3191
0.3969
-0.5413
-1.5380
0.7809
-0.8380
0.4291
-0.9107
-8.1903
-2.6767
0.2177
1.4304
0.2834
-1.5276
-2.0839
-3.3818
-2.5382
1.9131
0.0258
-1.7886
-5.4978
0.8926
2.9445
-2.4128
2.0725
-1.0379
1.5975
1.0944
-2.6506
-2.9154
0.9640
-1.8283
0.6209
-1.0438
0.5542
1.0452
-0.3307
-0.6084
-0.4134
-0.5185
-1.0352
-0.6172
0.9647
-3.9262
-2.3343
-4.5088
0.5287
-4.4658
-0.2933
2.0774
0.1541
-1.9604
-2.3027
1.4963
2.3687
-4.3907
-1.1912
-2.4077
0.8159
-1.4005
-0.3061
-2.7192
-1.3049
1.7544
1.4126
0.8359
5.7608
-0.6307
0.7231
-1.7671
-0.5017
2.1098
-1.6944
-0.0994
0.5856
0.5954
0.2225
0.3902
-4.6607
-2.3732
-1.0891
-1.8825
-1.2844
-1.7443
1.4829
-3.2152
1.3325
3.8968
-0.9454
0.9797
-1.4280
-0.1266
2.1529
-1.5834
-1.6024
1.2021
0.9281
-2.5878
-0.3825
0.0543
1.1179
-1.2602
-0.5287
-3.8436
1.1480
-0.9746
-0.6257
-0.4243
-1.4091
-1.1452
-2.2720
-1.3617
-2.9658
9.2596
-4.7142
-2.2082
-1.8891
-2.0203
-0.6608
-2.7262
-1.9203
-2.3052
-2.1558
-0.3929
-3.0662
-0.6084
-3.0392
-2.5181
-2.1240
-3.8313
-0.9878
-1.2610
-4.4172
0.4795
-1.5216
-3.5276
-3.0745
-1.6786
-0.7588
5.9821
-0.9682
-1.6273
-0.8556
0.0651
1.0021
-1.0741
-0.3866
-0.8256
-0.7165
-0.1947
-0.3406
-0.0676
-0.5824
0.5729
-0.3521
1.6031
-1.1229
-0.8555
-0.7750
0.7873
-0.2633
0.3373
0.8274
-1.5159
1.3299
-2.5904
-1.1400
0.8665
-1.9443
-1.5589
0.2038
-2.9259
-0.3662
-0.6158
1.0045
-0.3889
0.7071
-1.4974
-2.2455
-2.2820
-0.7115
-0.4126
-0.9824
-4.2892
3.4029
-0.4299
-2.9152
-3.8053
-3.6323
4.0167
0.6160
-3.8942
-2.2318
-0.7109
1.5157
0.3170
-0.4744
-1.7589
2.7365
-2.0890
3.8210
2.4374
-0.9728
2.3028
-0.5965
-3.6717
-0.4209
-2.0996
0.0700
-1.3273
1.7587
1.7796
-3.6193
1.9433
-6.1906
-1.3007
-3.3929
0.5878
-3.2372
-0.8272
-0.9595
-2.9209
-0.0161
0.3779
0.4746
2.0126
0.4316
-0.7104
-3.4297
0.7466
-2.5230
-0.8212
-0.3040
-3.5089
-1.2818
-3.0845
0.3600
-1.0401
1.7674
-0.3354
-0.2424
0.9982
2.8086
-3.3285
-1.8507
-3.4295
0.0098
0.7117
1.4086
3.2957
-1.8527
-2.4625
0.5369
-4.7210
-3.5284
-4.2626
-0.0055
2.7355
0.1874
-0.2198
-1.3351
-3.8031
-0.5360
0.2566
1.7717
-0.3383
1.5376
-1.6941
1.2595
-2.0656
-2.8334
2.4604
-2.7720
-3.2736
2.1510
0.0945
-0.3393
0.8331
-1.1324
-0.6149
1.5374
-0.2989
-0.3506
-0.0271
-0.1713
-4.0701
-0.1169
2.5371
-6.6546
0.9448
-0.0560
-0.9987
0.9622
-3.0432
-3.2530
0.1992
-4.0350
1.3007
-3.8244
-1.3202
-4.0775
0.7268
0.3118
2.6473
-0.8695
-0.4040
-1.0303
0.4384
0.6394
-0.8680
-0.8735
1.7699
1.3388
-1.5956
0.2397
-2.0921
0.9399
1.1179
-0.0163
1.6173
-2.3326
-2.2961
0.9132
-4.7838
0.6726
-2.8622
-5.0727
1.1750
-6.0550
-3.4134
1.9737
-3.2051
-3.6003
1.5081
-0.1318
-1.6994
2.3048
1.3961
-1.7999
-3.3196
2.8885
-0.3913
-2.1055
-0.9669
-1.5973
-0.5358
-0.3999
-0.1918
-0.7509
-1.7548
0.3296
-0.8511
0.5357
-0.8145
-2.1285
1.5506
1.4008
2.4756
-3.6772
1.0674
-0.1136
-3.7167
-3.0468
1.5534
-1.5350
-0.1919
-2.6072
2.8945
-0.0845
-1.1321
-2.0736
1.9573
-1.4887
-0.3123
1.4838
0.6994
-3.8621
-0.9890
0.3354
-2.1221
-0.7031
-2.1890
-4.2753
0.2924
0.9515
-0.0469
2.0495
-1.4075
-1.6810
-1.2477
-3.1897
1.3911
0.5054
-1.0686
-0.7776
-3.8572
-0.9455
-0.1516
-1.3755
-1.8313
2.2608
0.7581
3.6695
2.1253
-3.0480
-4.2855
-1.3282
-0.2318
-2.4075
-1.0966
-1.5468
-1.6575
0.6571
-1.8718
-1.1648
2.4997
-2.1490
-0.6129
0.6727
0.0194
0.5779
-0.5521
1.1176
-0.1344
-0.8241
-2.6154
-1.3571
-0.4767
-1.7535
1.4478
-0.3089
-0.5758
-1.6944
0.5396
0.8646
-0.6452
1.8872
-1.5466
0.1656
-1.4426
-3.4928
-4.9775
-1.4251
-3.1926
1.6044
-1.7678
1.1612
1.8086
2.4376
-2.5148
-0.3477
-2.8400
1.9329
0.4249
-2.1773
-0.6129
-2.3850
0.0794
2.7849
-3.1737
-1.7557
-2.4883
-0.8068
-4.9298
-0.4865
-0.9822
-2.4657
-4.2113
0.4856
3.3165
-3.2703
-0.1754
-4.2810
1.5523
-3.3480
-1.5371
3.7021
-3.8526
-2.0840
-1.7960
3.0308
-0.6531
0.1325
-0.5892
3.6247
-4.0622
5.9093
-2.7982
1.0757
-1.9516
2.3364
-0.1381
-1.3735
0.5598
-3.3176
-1.1990
0.3391
-2.5447
-2.4553
0.8347
-1.8853
0.0337
-0.5404
-0.8501
-1.3695
0.5365
-2.6825
-0.8132
-2.2344
1.3975
-0.5787
-0.5826
1.7222
-0.9357
-0.8432
2.9003
-0.2031
2.4663
1.6887
0.9850
0.4432
-2.6818
-1.3832
-2.4095
0.9846
0.1891
-0.3229
1.9304
1.4008
0.0306
0.1920
-2.8784
1.0770
-4.6887
-0.9160
-1.1458
3.5256
-1.2894
0.0034
-3.6441
2.5745
-2.9070
-4.1858
-0.2761
-2.1602
1.6635
0.7369
0.2466
0.2671
-1.5081
0.1175
0.4224
1.1176
-1.0508
-0.9621
2.5853
-2.5555
0.8376
1.1852
-0.3835
-0.4336
-0.6966
-0.4069
1.9290
0.2274
0.1796
-2.0248
0.9169
-5.8692
-1.2770
1.5139
-0.5129
-0.8793
-0.6124
-0.6869
-2.0944
0.0304
-3.8033
-2.2710
-4.0435
-2.0455
0.5557
1.2024
2.1281
3.4307
-3.2202
0.2547
0.5767
-2.1086
-1.7920
0.2529
1.4273
0.9107
0.2551
-1.4638
-0.0898
0.2225
-0.7217
-1.6295
-1.8013
-2.1823
-0.3579
-1.0839
-2.0965
-1.7250
-1.9906
-1.6179
-3.9263
-4.1521
2.7398
0.4510
-1.7865
-3.8441
0.6901
1.4554
-0.5728
-3.6801
1.0684
3.3084
3.8408
-3.0487
1.4786
-1.9780
-4.6574
-0.1460
-4.1429
4.5858
-0.3039
-0.5505
0.6034
0.6674
0.2266
-4.0878
0.5421
-0.7900
-3.1747
-1.1371
-2.3490
-0.3445
-0.0498
-1.1337
-1.0743
0.8517
-0.6223
-1.0226
-0.4082
-3.2050
0.1188
-2.5972
0.4881
0.2529
-0.6716
-0.8478
-1.0576
1.4925
-1.2431
0.7442
-1.9917
-0.3699
-2.6670
-2.1378
-0.6389
-2.2078
-0.8724
0.4041
-1.5254
-0.0452
-2.7472
-3.4871
0.2696
-3.5781
-0.8250
-0.0348
-1.7298
-1.6974
1.4907
-3.6855
-2.8590
0.0246
-0.3367
4.3531
3.3355
-1.4459
-0.9981
-1.8940
1.4456
-0.2120
-0.2389
-2.5613
-1.5969
-2.1598
-2.1848
-3.3373
-1.2413
-0.0016
-1.3225
-3.0309
-2.6473
-0.4745
-0.1971
0.7084
0.7684
-0.7328
-0.5678
-0.4072
-1.0348
1.3111
-1.5240
-0.9366
-1.0238
0.5161
-3.9983
-4.1354
-1.6054
-0.5730
-1.8248
-3.5713
-2.4563
0.9132
-2.5945
-4.1201
-0.6328
2.7885
-3.9535
-0.0054
0.1616
1.7722
0.2997
2.2091
-3.0166
-0.9381
-2.1968
0.9548
-0.6662
-1.0962
2.1495
-2.9462
2.0112
-0.3546
-4.7736
-1.7792
-2.8722
-1.4117
-2.5543
0.9382
4.5563
-3.8629
1.5352
-3.0463
-3.2008
-3.8604
-2.6808
-1.8238
-2.1650
-1.5181
-3.3445
2.7676
-1.0687
0.7276
0.4481
-2.6611
-0.8011
0.2442
-3.7990
0.6606
-3.3196
0.8518
-0.5081
-0.0266
-0.1887
-1.1111
-0.5379
-1.9869
-2.5288
-4.2150
-2.9749
1.9310
-1.6564
0.6528
-2.8078
-0.0332
-1.2495
-0.6169
1.1379
-2.3350
-1.5306
-1.2961
0.7817
0.2052
1.5132
-0.4300
-2.6569
-2.7403
-2.0579
-3.5766
-0.7386
-0.5220
-4.1683
0.4667
0.4494
-1.6887
1.2987
-1.0462
0.1588
-0.7705
-0.5174
1.8145
-1.0343
-0.7577
-1.3623
-1.1955
-3.2089
-1.9299
-5.4673
-6.5141
-0.1275
-8.1882
-5.2752
-6.0913
-1.1786
-0.3375
-3.8226
1.6404
2.2650
2.3743
-4.4260
2.3227
5.4112
-4.3503
-3.6164
-0.5287
0.6961
1.9954
1.9144
-4.8942
-2.9705
3.6320
2.4775
0.6222
-2.2910
1.5325
0.3056
-0.9546
1.4860
-1.6091
0.8300
-4.0002
3.4540
2.6090
0.3399
2.1336
-2.2299
-0.3528
0.1400
-2.5750
2.6622
0.7645
0.4860
0.9293
-2.0321
-2.3780
-1.3648
-6.3137
-0.9897
-2.5771
2.5730
-2.5056
0.1632
-0.1846
0.2759
-0.1672
-0.5028
-1.0366
-1.6709
0.1863
-3.2966
0.1919
-0.0905
-0.5531
-3.0700
-1.7583
1.3130
-0.3304
-2.8169
-1.6584
0.2878
-1.3129
3.4305
1.6806
-1.2632
-0.6110
-1.0050
-2.6718
1.7665
-2.2287
1.2331
-3.5154
0.1668
1.1124
-3.5098
2.5188
-3.3438
0.4406
-0.9130
-1.9181
-4.2961
-1.8046
2.7523
-0.7482
0.5304
1.8869
-0.7131
-2.0682
-0.3075
1.1157
-0.7750
-1.9784
-3.1586
-0.3238
0.0751
-0.6288
-2.0123
-1.6079
-3.8471
0.3729
1.9044
0.0939
0.7002
-2.1164
-2.8065
-1.4513
-1.5049
0.6896
-1.8204
-2.0043
1.9205
0.6591
-0.7024
0.8965
-2.1320
-0.4508
-0.4146
-0.2168
0.3984
0.8718
-1.1573
-1.8864
-1.8766
0.9952
-1.7700
-3.1820
-4.9369
2.5364
-5.6461
5.9593
-0.6697
-3.8735
-0.5994
-5.6467
1.8236
4.3576
0.6393
-1.3257
-0.1823
4.7408
-4.1281
0.1657
-2.4676
-3.7654
3.3782
-1.8903
0.5827
-2.0202
-4.1763
1.9089
-3.7908
-4.6805
-2.6539
-1.6758
-3.4858
-0.9109
-1.4131
0.6678
-2.0675
-0.5844
0.2541
0.5152
-3.5467
-5.7123
0.4755
2.1710
-0.8133
0.1546
-2.2973
-0.3730
-0.1923
0.9572
-3.4072
-1.3744
1.3201
-0.8308
-0.1783
-0.0531
1.9284
1.9589
-1.3591
-0.6280
-2.0960
1.8698
-0.4688
1.3916
1.4545
1.3304
0.8021
-0.4581
0.4038
1.3471
0.5433
2.0384
0.6074
0.0118
-1.3904
-1.1127
-4.0111
1.7230
-1.0406
-4.7552
1.1375
3.6866
-3.0403
-4.5465
-5.5988
-5.3556
2.1900
-0.7970
2.0463
-2.6681
-2.8814
-1.0172
-0.0384
1.4390
-0.1256
0.1578
-1.6158
-4.1458
-0.2083
-0.3878
-1.0198
-1.4498
-0.5857
0.4679
0.0836
-1.0311
1.0907
0.6688
-0.3366
1.0532
-1.3431
-4.8322
1.8913
1.5257
1.3570
1.1364
-1.0952
-2.8720
-0.0855
1.6685
-0.6707
2.0228
-3.5112
-0.7951
0.0179
0.8048
0.0775
-1.4818
3.1514
-2.7430
2.2635
-0.0214
-0.2558
0.8504
0.6134
-2.4950
-0.5022
1.1332
-1.3549
1.3264
-1.8774
-4.5737
-0.0782
0.0264
-0.0325
-0.5746
-3.7250
-2.0006
-4.8919
0.8072
-1.6231
4.5141
-2.8585
-2.7274
1.9550
-5.2901
-1.3911
-0.9010
9.0292
-4.7117
-0.8009
-0.0271
-1.1284
-2.9100
-2.7448
-1.6782
-1.1886
0.0762
6.7082
2.2618
-0.8129
-1.5026
-0.7871
0.2858
2.2746
-3.3971
-2.0670
-1.1049
1.6468
1.0120
-2.9045
-5.8469
-0.7988
-0.3910
1.3431
-0.9803
-2.2954
-4.0813
-0.8549
-1.5756
1.3490
1.0955
-0.0658
-1.3241
-2.7153
0.5793
-1.1560
2.4929
-0.5286
-3.4901
1.9802
-0.1396
-3.1669
-0.6322
-0.7631
1.2801
-0.9700
0.9140
2.7159
-1.6806
-0.5465
-0.8579
1.9073
-2.0781
-1.0997
0.2951
-5.1130
2.3826
-4.0357
4.8034
1.4941
0.7760
0.0957
-3.7659
-4.0055
-3.9758
-1.3353
-0.6182
-1.2934
-0.6881
-4.0503
-4.1802
-1.7790
-4.0695
-0.8217
-0.7156
1.0393
-0.6488
4.0264
-0.8448
-0.5847
-1.4166
-2.7776
-0.6762
-0.9949
-1.1722
0.0641
3.0444
-0.9658
0.3653
-0.9905
-7.0907
-3.3202
-0.0309
-2.0904
-0.8104
1.1312
-0.8490
1.6275
-1.9970
-2.9110
-2.4920
-0.0635
-1.3299
1.6935
-0.7018
1.6944
1.8101
-3.4000
-0.0048
-4.6563
0.2919
0.3849
0.4827
1.2651
1.3845
-1.4757
-2.1888
-0.6288
-2.2985
-1.8772
1.1583
0.5708
-0.3569
-0.4738
-0.6241
-1.6328
3.9768
-1.6098
0.4908
-2.7475
-0.9410
1.5192
-1.4292
-2.4148
-1.1271
-2.8025
-1.2165
-1.6878
-2.8034
-1.1689
3.7136
-2.9579
1.2758
-0.8856
-1.7086
0.9616
-1.2525
-2.1165
-1.2580
-1.4308
0.1880
-0.3045
-1.0552
0.0903
-3.2187
-2.7227
-1.3737
2.5239
-1.5376
-1.6475
-1.8651
-1.9918
-1.7368
1.6057
-1.2222
-1.3685
0.6973
3.7008
-0.4913
1.5043
1.8939
-0.2239
-3.0490
-0.4918
0.0702
-2.9766
-3.6445
-0.1053
-0.1907
1.5450
0.3904
-3.0667
1.1103
-0.3493
-1.9759
-4.1629
-1.9078
-0.7053
1.5072
1.4607
-2.8577
-0.4104
-4.8764
0.0078
0.0074
-3.3843
-0.3957
2.1574
-2.1898
-2.5816
3.8999
-0.8040
-0.4766
-1.5673
0.0533
1.9843
-0.4146
-2.0429
-0.8891
-3.0532
-0.9543
-1.9756
-2.0447
4.1606
-2.5464
-2.3177
-0.5803
1.6299
2.3637
-0.9112
-0.0224
0.5930
-0.8290
-0.6128
-0.6588
-4.5391
0.1278
2.9033
-1.0685
-1.4251
-3.2896
-1.8686
-0.9382
0.4247
-1.1866
-1.0075
-5.6141
-3.3904
-0.7985
0.1755
-0.8232
-3.2567
-2.3486
0.3824
2.4889
1.7526
0.1398
-0.1957
1.2052
0.5591
0.5197
-3.3919
-5.4858
2.0745
-1.8986
-3.3099
-0.6009
-1.5230
0.8316
-1.1632
-0.4535
1.8779
-0.6491
-4.0176
-3.1761
1.0345
-4.0616
-3.2688
3.0238
-2.1374
3.1207
-2.5159
1.2233
-3.7990
-0.6367
-4.3169
-2.6211
-0.9157
0.3751
-3.5131
0.1155
-3.0663
-0.7472
-2.9346
-1.8829
0.7369
-1.1729
-2.9380
2.8003
-1.0672
0.1102
-2.5095
-0.3082
-0.2343
0.1111
-0.2141
-2.1547
1.8153
0.2018
0.4581
-4.6284
-1.1996
-1.8344
-1.0588
0.5207
0.2552
-0.7705
-3.7108
-0.0532
-1.3549
-0.3566
-3.3545
-0.3164
-0.9665
-0.1964
-0.7582
-1.8036
1.5661
-3.2776
-0.8730
1.5442
-0.6831
0.4742
1.4574
0.2850
-0.7991
0.6162
-0.1469
2.7418
0.5997
-0.5978
0.4463
-1.2523
-0.1113
-1.4313
-5.9439
3.5282
-4.3561
-4.9001
-4.4089
-3.8397
-2.7233
-1.1747
-1.1549
3.8174
-1.1793
4.0233
1.6611
-3.0950
-0.7346
-3.2342
-1.0137
-1.4163
-0.3751
4.0177
0.0187
4.0868
-3.0937
-3.1461
3.7514
0.6516
-0.4195
-1.1277
-0.0536
-4.0514
4.3373
3.4430
-1.2989
-1.0303
-2.1274
0.3472
-2.1979
-2.2948
0.8070
0.8908
-2.6467
1.9512
-1.9268
-2.9694
-0.1270
-0.3566
-2.6942
-4.0931
0.2208
-4.5025
-1.4561
1.5221
-0.9028
-1.7275
-0.2779
1.6554
-1.3952
2.2745
-0.4497
-1.3663
-2.4389
-4.3591
-1.5330
2.3982
0.9912
0.8411
2.4758
-4.3845
-0.7730
0.2040
-2.7860
-4.6959
0.5825
-0.8935
-2.5787
-2.5283
0.8179
4.4944
-3.1718
-0.4838
0.6462
2.6140
0.6976
-0.8912
-2.4761
-2.3081
-1.8386
3.1762
-1.6348
0.8863
0.1296
0.0817
-0.3013
-0.6330
0.7825
0.3919
-0.1041
0.6312
-1.2297
-0.3324
0.9515
0.8317
-0.6959
3.2908
-0.6645
-1.5696
-1.3434
-3.2802
-2.2568
-0.0325
1.9851
0.3203
3.3538
-1.1582
-2.8261
2.5590
-0.2452
-1.0204
-1.0509
0.3840
-3.2278
-2.2980
-3.8212
-2.8571
2.4397
0.2092
-3.9822
0.6849
-2.7516
-3.1219
-0.0790
0.6624
-5.6121
-0.5552
-0.4895
-2.5855
0.1012
-1.0540
-1.2175
0.9119
-8.1380
-4.8568
1.9967
0.1184
-2.1215
-6.6071
-2.6533
-4.0533
0.2321
2.8686
0.9578
-1.2250
-4.1888
-3.3864
0.6118
-4.9191
5.2728
1.8948
-1.2467
-2.2876
-1.1466
3.5849
-2.9221
-0.8213
-0.1984
2.1490
-5.1419
-0.2775
-1.2022
0.9118
-0.5096
1.6272
0.5394
-0.0552
1.5033
-2.9725
-4.0077
2.4635
1.7948
0.4732
1.2526
0.3027
1.2190
1.2510
-0.3614
0.4023
1.7362
0.9707
-0.8885
-1.3565
2.1683
-3.3584
0.9853
-0.0296
0.5450
-0.9547
0.7890
-0.7375
-1.7159
0.2280
2.5361
-1.7101
1.4923
-0.7625
2.6605
-3.9501
-0.4885
-1.9390
1.0950
2.6039
-3.5432
-3.9380
-0.3766
-1.7805
-1.4974
2.7483
-3.8141
-3.3749
-2.1708
1.5616
0.5521
4.3350
-1.1730
-1.9473
-2.3560
0.1910
-2.1275
0.2119
-0.2530
-0.6685
-1.4878
2.0862
-1.1529
5.3425
0.1619
1.6486
-1.3677
-0.1211
0.6543
0.0984
-1.4400
-0.0919
-0.9318
0.0009
0.6753
-3.8029
-2.1668
0.2283
1.7531
-1.6855
-0.3611
-2.2054
-0.8102
-1.6745
0.6270
0.1870
1.4415
-1.0254
-1.5141
0.3843
-2.0052
1.0972
-0.8178
1.1721
-3.5058
-0.3304
-0.8938
0.3225
-0.5401
1.9457
0.4080
-0.1516
-1.8579
-2.9581
0.7686
0.4977
-1.7454
-6.7790
-0.5778
4.1013
-4.4991
1.4394
1.2760
-1.7299
-0.4526
-5.5170
-1.9911
3.3922
-1.8829
-2.6561
-0.0149
-3.2239
-1.4637
-2.2110
-1.2519
-2.9742
-0.0625
-2.0290
-2.6008
0.0584
0.9934
2.7633
1.9650
-1.3893
-0.8568
-0.3457
-2.6274
-0.2375
0.9536
0.6688
0.8432
-2.6430
-1.2989
1.0721
-0.1230
-2.5263
2.3432
-0.2215
-2.3164
-2.7784
0.2570
0.9758
2.1969
-1.7905
0.6968
-0.3754
-1.3831
-1.1477
-1.2472
0.3820
-0.8667
-4.1386
3.1329
-3.6844
-2.5620
-0.9058
0.1280
1.1522
-0.4081
2.1973
0.4430
0.2713
-0.9743
-0.3939
-3.0317
-1.2649
-0.2012
-1.1089
-1.3975
2.7325
-4.3696
-0.9770
-2.0778
-2.9376
-1.0693
2.9116
-0.9079
3.7315
-1.4801
-5.5050
0.5818
-4.4012
1.1421
0.5452
4.2119
-3.5262
-1.8317
-1.9085
-2.7316
-2.5061
1.8973
-0.9964
-1.7118
-1.5408
3.2404
0.7588
-3.3698
1.4743
-0.3983
-1.2073
2.0776
-2.8448
0.1586
2.0973
0.0790
-3.4015
-3.9262
-2.6259
0.5529
-0.6962
1.1905
-2.1938
-0.9835
-2.6012
-1.8801
-1.5262
-0.3719
-1.3123
1.1315
0.4050
1.9987
-1.5275
-2.0416
-0.9820
-1.2458
1.1157
0.9312
-1.7572
0.2828
-0.8233
1.0443
0.1951
-0.8893
-0.7132
-0.8594
1.1633
0.5408
-0.0724
-2.7933
-0.3167
-5.9850
3.8834
-3.2259
0.4040
1.6642
1.2233
-2.9858
-1.1100
-2.3279
2.8759
-1.8614
-2.1306
-1.4391
-1.0199
-1.1967
3.2204
-2.5123
-1.5249
-2.4553
-1.2136
-3.8915
-0.6720
-0.6098
-1.1487
-1.7800
-0.6781
-2.6912
0.2766
-1.4854
-0.0131
-4.2053
2.7519
-1.3205
2.3925
-0.0384
-5.0128
0.9263
-1.5669
-0.2772
1.4115
-0.6975
1.7335
1.0520
-4.2452
0.2054
-3.6517
-1.0230
-2.4447
0.6083
0.0430
1.8178
-1.6816
0.2579
-0.5674
-2.4151
-1.2724
0.7615
1.5821
0.9670
0.3957
-1.5402
-2.5628
-0.4495
0.5870
-1.9638
-1.3444
-0.2222
-0.9380
-1.9626
0.5103
-3.9471
-2.4685
-3.2637
-3.5141
1.3364
5.0873
-1.7929
0.9684
0.7518
1.6251
0.9018
-2.8073
-1.4402
-4.2225
2.5269
0.3609
1.2317
2.3577
-0.2921
-3.8045
0.5616
-1.7960
-0.5279
-0.9676
-2.0045
-1.2614
-1.8138
-0.6813
-0.0653
-1.3544
1.0874
1.2771
1.4469
-0.0827
-2.8876
-2.5960
1.0441
-1.3169
3.3164
-0.9054
-4.7138
0.2257
0.2730
-1.9232
1.7865
-1.4645
-1.5429
-4.4469
0.5556
-7.1183
-0.3092
-1.4333
0.4686
-0.0706
0.8509
-0.0658
-1.3613
-0.1942
-0.9801
-2.6102
-2.1293
0.2542
1.5291
0.7436
0.6153
-2.9851
3.1866
0.1087
-2.7116
-1.1394
-2.2576
-0.8122
1.6576
-3.7402
6.3207
-2.4485
0.3378
0.9649
1.0208
-3.0119
-4.9382
-1.1125
4.2891
-2.0847
-3.9169
0.4274
-2.3320
-0.1853
-1.7438
-1.1863
-0.9391
-1.9582
-1.1608
-3.1756
0.3296
0.4292
-0.9777
3.7662
-0.0990
-0.3174
0.4535
-4.8367
-2.8700
0.8543
-1.7532
-5.3052
1.8479
-1.4537
-0.5939
1.4404
-0.9559
-0.3135
3.2434
-1.6976
-0.0427
-0.3479
-3.8251
-0.9835
-1.0454
1.3420
0.9263
-0.2233
-2.9738
-1.2635
1.7872
2.7249
-2.2798
1.8271
0.9865
-0.2566
-1.2848
1.5589
-1.3383
-3.7043
-0.4082
-0.2096
-1.7294
0.4004
-3.9660
7.3875
-2.6410
-3.3872
-3.1824
-1.0598
0.6050
-2.6147
-2.1036
-2.0855
0.2503
0.0649
4.7001
1.6594
-2.3180
-0.8722
1.0397
-2.4073
-1.7590
-1.0402
3.6467
-2.5430
2.6367
0.8781
4.2655
1.3306
1.3650
-0.8187
0.0609
-0.1563
-0.5793
-1.7593
0.3640
-1.3410
0.8455
-1.4940
-1.6382
-3.8318
0.4752
-0.4294
-0.2096
1.7095
0.3658
-0.9741
-2.1190
0.4324
3.5378
-1.2575
-0.8766
-1.4326
-0.6432
2.2977
0.5802
-1.0109
-0.4545
-5.7163
-0.8366
-2.5627
0.2500
-1.0090
-0.8162
0.4636
-0.6291
0.5893
-0.0656
-0.0058
-0.1813
-0.5394
1.2263
-3.6202
-2.2318
3.0934
-4.1514
-4.3542
1.4533
1.0880
-2.6927
-0.6247
-5.5494
-3.9785
-3.1273
2.0994
0.2895
-0.3991
-3.2706
0.7379
-0.6142
-1.2883
-1.5932
0.9869
2.9762
-0.7277
-0.1741
-2.0756
2.2826
-1.9594
6.9258
-0.5014
-0.5591
0.9974
-0.9375
-0.8553
-0.5481
-3.9094
1.1517
-1.0669
2.9416
-3.7851
0.1223
1.7829
-0.2126
-4.3056
-1.9500
-0.1821
4.0185
1.3014
1.9748
0.6072
-1.0561
-2.7769
-2.3661
-3.4224
-2.3090
-0.3232
-1.7219
0.7962
0.3938
0.5923
0.3923
0.1929
-1.1078
0.7057
1.9949
2.2453
-0.3767
-1.2159
-2.2712
-0.7547
2.7118
-0.5703
-1.6567
1.3593
-5.7621
-0.7186
-3.9362
-4.6306
2.0958
5.8597
1.6527
-0.4719
-3.4034
0.4356
-4.0305
-3.1203
-3.9289
-2.5916
1.5129
-3.9610
3.2950
-4.5986
-1.0678
-0.4013
0.6719
2.0169
1.5906
-1.6010
1.2543
-0.6312
-1.1816
2.1485
-0.7831
-0.6269
2.3045
-0.0546
-1.5570
0.3091
-2.6190
-0.5671
-0.1113
-0.3902
-0.8274
-1.3144
-0.4567
-1.8785
-3.6555
1.1382
0.4986
-1.6943
-0.0136
-1.8968
-1.5395
-0.4496
-1.3172
-1.2852
1.2050
0.2379
-1.1191
-1.3777
-1.0541
1.6224
2.0007
-0.2963
-0.6887
2.1642
-0.2544
0.9117
-2.8076
-0.1395
-1.4757
-1.6581
-0.1889
0.7051
-4.5584
-1.1094
-1.1609
-0.5532
1.4577
-6.8210
2.0439
-1.7585
-3.1883
-4.2765
0.4926
-3.1865
2.8144
1.2075
-1.5467
-3.1835
-0.3344
-0.9405
-1.5386
-1.4959
-0.3423
1.7591
2.6005
-0.3536
-0.4291
1.1901
-0.9377
-0.3571
-0.1296
-1.8754
-2.0378
-1.8116
-2.8865
0.4302
4.0320
-4.6832
-1.8639
-0.0123
-2.3140
-0.0332
-3.4345
-2.3448
3.5240
-1.9060
2.2129
1.3006
-0.1928
-2.8523
-2.6284
-0.3185
-1.5545
2.0179
-2.9758
-2.1765
-1.0409
-0.3394
-2.9544
-1.4728
1.9950
3.0661
-0.6336
3.6126
-0.2185
0.4450
-1.3661
0.7451
1.3513
-5.0871
-0.3190
-0.6196
-0.9086
-1.6957
-4.1975
9.1103
1.3803
0.3317
-1.9618
-3.6748
-0.7183
-0.5912
-0.7474
-0.3817
3.8211
-0.4528
-3.4737
-2.5973
-4.1951
-2.9974
-2.4668
-3.5378
-2.2728
-4.4305
-0.9637
-4.8756
-0.9586
-1.4507
0.4817
1.0426
-1.7805
-0.0447
-3.4601
-0.4068
-1.2717
-1.7873
-0.6333
-2.0347
2.3196
1.1527
0.0897
0.3306
-0.1623
-0.6467
-0.2709
-0.6097
1.7860
-2.4982
1.8936
-2.8223
-0.4594
2.7174
0.2363
0.5436
-0.5755
0.2696
-2.7279
0.9381
-1.8431
0.3543
-1.0333
-1.6638
-0.7436
-0.1913
-0.0679
1.4593
2.3129
-0.8172
-0.0819
0.7427
-4.5609
3.4319
-8.1191
-4.9007
2.9076
-1.8909
-0.5298
-5.6441
-0.9460
-4.0124
3.5953
-1.4177
-5.3268
-5.1525
1.5015
-0.7528
3.4155
5.6462
-2.7005
-3.9685
-1.4260
1.7618
-2.8866
-2.6807
2.4509
-1.4330
0.9756
2.5334
-4.2706
-1.8634
-0.6027
-0.1876
0.1064
1.5493
-1.1762
0.2551
2.6985
-2.0523
0.5286
-2.0014
2.1817
0.2156
1.0418
0.5216
-3.2396
-2.5000
0.3695
-1.1492
1.0378
1.6570
-0.0297
1.2858
-2.7436
0.6637
-2.7560
0.2539
1.2132
-1.5319
-1.2867
-0.7935
-0.5785
-0.7335
-0.9117
-2.1976
-2.4279
1.3798
-1.0146
-0.2507
0.6768
-0.5299
0.9033


Weights 1->2:
-0.0685
0.6655
-2.0449
-1.0278
0.5881
-0.2227
-0.1601
-0.2194
0.4985
-0.0155
-0.6738
-0.3608
-0.0304
-0.1925
0.0903
0.3019
0.3495
-0.3478
-0.4388
-0.2698
0.7854
-0.4655
-0.7449
-0.5711
-0.2277
0.2395
-0.6065
-0.2121
-0.5344
0.1268
-0.3792
-0.2102
-0.4419
0.3106
-0.1513
-0.5924
-1.0551
-1.0161
-0.3268
-1.0927
0.0084
-0.6808
1.9273
0.9598
-0.5694
0.5247
0.0380
-0.0268
-0.5976
-0.0633
0.3930
0.3015
0.0330
0.2037
0.0393
-0.3675
-0.5877
0.3411
0.3523
0.4630
-1.1797
0.4293
0.6605
0.5376
0.1226
-0.5566
0.5890
0.2160
0.5797
-0.1528
0.2666
0.5355
0.7145
-0.2990
0.2255
0.6716
0.9834
0.9157
0.2734
1.2632
-0.0360
0.0407
0.0216
0.0345
0.1568
-0.0890
-0.2169
-0.1803
0.0129
-0.0569
-0.0576
-0.1014
-0.0071
-0.0504
0.1602
-0.1049
-0.0398
-0.0514
-0.1924
0.0609
0.0423
-0.0941
0.0638
-0.0841
-0.0156
-0.0998
-0.0532
0.1365
-0.0853
0.0161
0.0348
0.0347
-0.0434
-0.0778
-0.1341
0.0447
0.0694
0.0233
0.0259
-0.0097
-0.0406
0.1757
0.0378
-0.1614
0.0276
0.0652
0.1463
-0.0688
0.0685
-0.1343
0.0837
0.0649
0.0150
-0.1020
0.1297
-0.0055
0.0926
0.0709
0.1658
-0.2080
-0.1342
-0.0783
-0.1054
0.0410
0.1831
-0.1132
0.0966
-0.0180
-0.1336
-0.1243
0.1001
-0.0009
0.0484
-0.0141
-0.0499
-0.1314
0.1067
-0.0893
0.1117
-0.1218
-0.0241
-0.0114
0.0810
-0.0318
0.0482
-0.0493
-0.0300
0.0989
-0.0917
-0.1360
0.0579
-0.1441
-0.1204
-0.0764
-0.0709
-0.0208
0.0605
-0.0303
-0.0112
0.0842
0.0317
-0.1688
-0.0181
0.0323
-0.1319
-0.0604
0.0153
-0.0980
0.0104
0.1522
-0.0943
0.1466
-0.0364
-0.0623
-0.0629
0.1100
-0.0929
-0.0017
-0.0173
0.0685
0.0197
-0.0058
-0.0522
-0.1398
0.1548
0.0609
0.0576
-0.0945
-0.1258
0.0526
0.0249
0.1227
0.0772
-0.0296
0.1345
0.1377
-0.1805
-0.1048
0.1669
0.1451
0.0820
-0.0168
0.0954
-0.1178
-0.0187
0.0299
0.0378
0.0123
-0.1485
-0.1617
-0.2588
0.0799
0.1486
-0.2048
-0.0202
0.1572
-0.1116
0.1309
-0.1096
-0.0591
0.0351
0.0979
-0.0480
-0.0255
-0.1640
-0.0291
0.0170
0.0936
-0.0040
-0.0089
0.1241
-0.0231
0.0328
0.0872
-0.0777
0.0194
-0.0916
-0.0729
-0.0121
-0.1577
0.2285
-0.0122
0.1002
0.0142
0.0251
0.0126
0.0340
0.0777
-0.2253
-0.0848
-0.0599
0.1846
0.0466
-0.0220
-0.1466
0.2088
-0.0849
-0.1108
-0.0751
-0.0821
-0.0405
0.0738
-0.0623
0.2841
-0.0999
0.2082
-0.0724
0.0668
-0.1472
-0.0263
-0.0283
-0.0248
0.0721
0.0624
0.2605
0.1913
-0.0326
0.1229
-0.1644
-0.0200
-0.0287
0.0497
-0.1004
0.0677
0.0319
-0.0543
0.1179
0.1636
0.0720
-0.1320
-0.0305
0.2359
0.0411
0.2228
-0.0349
0.0680
-0.1602
0.1080
0.0395
-0.2130
0.0242
0.0229
-0.1417
-0.0975
-0.0821
0.0650
0.0351
0.0955
0.0693
-0.1079
-0.1563
-0.2044
0.0975
0.1489
-0.0825
-0.0648
0.0479
-0.1267
0.0752
0.0257
-0.1074
-0.0544
-0.0796
-0.2419
-0.0183
-0.1439
-0.0507
0.2011
0.0195
-0.2559
-0.1382
-0.1033
-0.0282
0.0454
0.1200
-0.1865
-0.1091
0.0874
-0.0015
-0.0064
0.0646
-0.0447
-0.0387
0.0802
0.1607
0.2204
-0.1055
0.1309
-0.0970
-0.0142
0.1052
0.0537
-0.1230
-0.0047
0.0668
-0.0268
0.0705
-0.1919
0.0869
-0.1735
-0.1290
-0.0179
-0.0434
-0.1338
-0.1437
-0.0531
-0.1487
-0.0394
-0.1377
0.0547
-0.1684
-0.0425
0.0876
0.0834
-0.0750
0.0730
-0.1522
0.0441
-0.1074
-0.0035
-0.1585
0.0328
0.1241
0.0924
0.0329
-0.0877
0.0040
0.0782
0.0433
0.0859
-0.0674
-0.0457
0.0333
-0.1739
-0.1010
0.0083
0.0009
0.0282
-0.0493
-0.0693
-0.0769
0.0592
-0.0033
-0.0768
0.0221
-0.0818
-0.0153
-0.0307
0.0161
0.1176
-0.0294
-0.0837
0.0877
-0.0911
-0.0278
0.2106
-0.1638
-0.0469
0.1395
0.1387
-0.0634
-0.0343
-0.1196
-0.1859
0.0927
0.1153
-0.0098
0.0184
0.1281
-0.0302
-0.0257
-0.0352
0.1004
0.0779
-0.0795
-0.0498
-0.0146
-0.0893
-0.0046
0.1556
0.0089
0.0260
-0.1769
-0.0121
0.1294
-0.0802
0.0697
0.1153
0.1096
-0.1077
0.1020
-0.0246
-0.0219
0.0906
0.0270
-0.0202
-0.0355
-0.1287
0.0185
0.0342
-0.0117
0.1551
-0.0007
0.1213
-0.1010
-0.0472
-0.0669
-0.0749
-0.0604
0.0720
-0.0222
-0.0341
0.1623
-0.1099
0.0372
-0.1670
-0.1029
-0.0005
0.1552
-0.0259
-0.1516
-0.2199
0.0446
-0.0800
0.1969
0.0023
0.0160
0.1026
-0.1668
0.1264
0.1163
-0.1085
-0.0931
0.0618
-0.2225
0.0529
-0.0590
-0.1253
0.0792
-0.0058
-0.0084
-0.0508
-0.0671
0.0049
-0.0445
-0.0783
0.0366
0.0974
0.0034
0.0099
-0.0090
0.0952
0.0025
0.0574
-0.1200
0.1672
0.0214
-0.0415
-0.0188
0.0226
-0.0908
0.0572
0.0581
0.1188
0.0010
-0.2178
0.2154
-0.0584
-0.0647
-0.2241
-0.2426
0.1715
0.0674
-0.1222
-0.0922
0.0127
0.0143
0.0492
-0.0852
-0.0855
-0.0419
-0.2632
0.0456
-0.0128
-0.0811
0.0207
-0.0400
0.0580
-0.0266
-0.0126
0.0226
0.0882
-0.0586
-0.0598
-0.0966
-0.0680
0.1082
-0.2525
0.0915
-0.0246
0.0750
-0.1521
0.1655
-0.0048
0.1149
-0.0677
-0.0398
0.1129
-0.0603
-0.1447
0.0742
0.0546
0.0332
-0.0444
0.1090
0.1123
-0.1139
-0.1095
-0.1166
0.1383
-0.0575
0.0187
0.1551
-0.0070
-0.2274
0.0975
-0.2004
0.0872
0.2078
-0.0471
-0.2022
-0.0824
0.0601
0.0910
-0.0947
-0.0821
-0.0387
-0.1044
-0.2663
0.1154
-0.0041
-0.0505
-0.0692
0.0728
-0.1687
0.0151
0.0367
-0.1179
-0.0582
-0.2007
0.0929
0.0651
0.2347
0.0567
0.0241
0.0095
0.0103
0.1263
-0.0554
-0.0270
0.0643
-0.0835
-0.0530
0.1161
0.0147
-0.1520
0.0340
0.0339
0.0434
-0.1039
0.0074
-0.1268
0.1431
0.0479
-0.0398
0.0115
-0.0833
0.0127
0.0814
-0.0354
0.1617
0.0655
-0.1588
0.0234
-0.0310
0.0019
-0.1683
0.1686
-0.1609
0.0875
-0.0130
-0.0983
0.0483
0.0736
-0.0061
-0.0762
0.0113
-0.0097
-0.0051
-0.0316
-0.0931
0.1177
-0.0258
0.1194
0.1012
-0.2203
0.0666
-0.0215
0.0282
0.1969
-0.0507
0.1472
-0.0440
0.1169
-0.0466
-0.0656
-0.0380
-0.0323
0.0202
0.0586
0.0704
-0.0575
0.0767
0.0213
-0.0502
0.1563
0.0645
-0.2143
0.0102
0.0329
-0.0778
0.0850
-0.0611
0.1582
-0.0377
0.1524
0.0083
0.0965
-0.1044
-0.0663
0.1078
0.0670
0.2588
0.1389
0.1243
-0.1317
0.0054
-0.0024
-0.0875
-0.1296
0.2299
-0.0387
-0.0928
0.0443
0.0940
0.1061
-0.0632
-0.0493
0.0334
0.0952
0.0689
-0.0231
0.2040
-0.0108
-0.0095
-0.1296
-0.1190
-0.0692
-0.1838
-0.0672
-0.0858
0.1681
0.0618
-0.0461
-0.1168
0.0742
-0.1050
0.0510
0.0398
-0.1260
0.1239
-0.0805
0.1220
0.1387
-0.0862
0.0415
0.1276
0.0092
0.1368
0.0439
-0.0743
-0.0488
-0.0028
-0.0323
-0.0481
-0.1597
0.2032
0.0218
-0.0732
0.0345
-0.0223
0.1704
-0.1190
0.0711
-0.0055
0.0347
-0.0344
-0.0177
0.0358
-0.1341
0.0465
0.0018
-0.0490
0.1164
-0.0635
0.0251
-0.0762
0.2602
-0.0566
0.0103
0.0048
0.1525
0.1048
-0.0412
-0.0179
0.0266
0.2326
0.1033
-0.0395
-0.1690
-0.1506
0.0934
-0.1667
0.0502
-0.0849
-0.0774
0.2073
0.2348
0.0874
0.1009
-0.1589
0.0547
-0.1566
-0.1418
-0.0845
0.0517
-0.0080
-0.0398
-0.0835
-0.0958
-0.1664
-0.1905
-0.1156
0.0631
0.0045
-0.0095
-0.0523
-0.1912
-0.0230
0.1127
-0.0530
0.0294
-0.0469
0.0514
0.0746
0.0377
-0.0367
-0.0413
0.1587
-0.0495
0.1351
0.0536
0.0608
0.0999
-0.0709
-0.0360
0.1562
-0.0022
-0.0511
0.0261
-0.1664
0.1048
-0.0505
0.1518
-0.1250
0.2236
0.0879
0.1157
-0.1842
-0.1348
0.0766
0.0970
0.0558
-0.1939
-0.1007
-0.0902
-0.0245
0.1597
0.1210
-0.0819
0.0015
-0.1935
0.0865
-0.1976
-0.0460
-0.0296
-0.0843
0.0462
0.0595
0.2048
0.0079
0.0027
-0.0062
0.0308
-0.0346
0.1728
0.1764
-0.0358
-0.0482
-0.1449
-0.1607
0.0809
-0.0229
0.0836
0.1066
0.0453
0.1095
-0.0251
-0.0990
0.1088
0.0165
-0.0746
0.1422
0.0534
-0.0388
-0.0802
0.1994
0.0159
-0.0845
0.0575
0.1469
-0.1085
-0.0060
-0.0518
0.0850
0.0696
0.1749
-0.1226
0.0411
-0.0820
-0.1369
0.0159
0.1570
-0.0362
0.0198
-0.0685
-0.1558
-0.0326
-0.0239
-0.1288
-0.1384
0.0638
0.1031
0.0217
-0.0269
0.0184
0.1775
-0.0503
0.0511
0.0970
-0.1551
-0.0582
-0.0208
0.0509
0.0053
0.0274
0.0867
0.0581
0.1190
0.0106
-0.0493
0.1026
-0.0179
-0.1538
-0.0412
0.0396
0.1202
-0.0554
-0.0196
-0.0965
-0.1147
-0.1126
0.0735
0.0467
-0.0712
-0.0073
-0.0429
0.0993
0.0691
0.0176
0.1417
-0.0137
-0.2066
0.0420
-0.1169
0.2219
-0.2140
0.1620
-0.0921
0.0429
0.0774
-0.1378
-0.0000
0.1727
0.1266
0.1204
0.0938
0.0669
-0.1156
0.0266
0.0971
0.0811
-0.0339
-0.0744
0.1062
-0.0632
-0.0899
0.0831
-0.1448
-0.0046
0.0213
-0.0255
-0.0586
0.0154
-0.0616
0.0935
0.0026
0.1518
0.0030
0.1643
-0.0216
-0.1772
0.0597
-0.0110
0.0836
-0.2301
0.0684
-0.0270
0.0506
0.0857
0.0047
0.0048
-0.1329
-0.1423
0.0022
0.1069
0.0084
0.1170
0.2158
0.0600
-0.0550
-0.0079
0.2758
-0.1625
-0.0074
-0.2206
-0.2085
-0.0686
-0.1491
0.0531
0.0022
0.1766
0.0990
-0.0707
-0.0437
-0.0364
0.0212
-0.1026
-0.1346
0.0758
-0.0859
-0.1147
0.0939
-0.0927
-0.1169
0.1236
0.0356
-0.0724
0.0166
0.0186
0.0934
0.0862
-0.1110
0.0778
-0.0101
-0.0821
-0.0588
-0.0486
-0.2201
-0.0223
0.0978
0.0423
-0.1120
0.0337
-0.0913
-0.0307
0.0791
0.1593
0.2073
-0.0115
-0.1214
0.0919
0.0135
0.0374
-0.0291
-0.0031
-0.0608
-0.0668
-0.1934
-0.1240
-0.1401
-0.0481
0.1379
0.0072
0.1373
0.0183
0.0679
-0.0726
-0.1519
-0.0899
-0.0089
-0.1113
0.1453
-0.0512
0.2330
0.0064
-0.0615
0.0084
-0.1246
0.0468
0.0110
-0.0532
-0.1541
0.0218
0.0120
0.0873
-0.0553
0.0233
-0.0437
-0.1497
0.0813
-0.1909
-0.1143
-0.0510
-0.0938
-0.2054
-0.0674
0.0880
-0.1117
0.0815
-0.1223
-0.0318
-0.0586
0.0427
-0.0791
0.1089
0.1131
0.1721
-0.0058
-0.0451
-0.1992
0.0432
-0.0714
0.0031
0.1883
-0.0037
0.0144
-0.1127
-0.0618
-0.1764
0.0936
0.1296
0.0406
0.0123
0.0937
-0.1090
0.0988
-0.0503
0.0317
-0.0670
0.0353
-0.0839
0.0437
0.0594
0.1059
-0.1959
-0.0372
-0.0048
-0.0267
-0.0086
-0.0956
0.0130
-0.1395
0.0755
-0.0389
0.0055
0.1052
-0.0256
0.0005
0.0217
-0.0386
-0.1866
0.0072
0.0833
0.1542
-0.1864
0.0524
0.0696
-0.0853
-0.0806
-0.3386
-1.3690
4.7535
2.4193
-1.3646
-0.5537
-5.1681
1.0702
0.8032
1.4356
-0.1473
1.6680
0.9038
-3.7549
-0.7835
-4.1818
-3.9385
1.3602
3.5790
1.1293
-4.8985
-1.4148
-3.8190
0.1755
-3.0128
-3.5351
1.6211
2.8748
1.2325
2.1818
0.9481
0.2647
-0.2807
-2.8150
2.8411
0.6633
2.3654
2.4903
0.8458
3.5866
1.9026
0.5972
-2.1047
-0.5088
-0.7516
1.1486
0.5244
2.8287
2.8829
1.2373
1.6620
2.9553
-0.5278
2.6437
2.0461
-0.0026
4.9396
-3.1323
0.2297
-0.9261
1.4057
-3.1841
1.5583
1.3020
0.7517
1.8773
-0.0633
2.4198
3.0115
1.3935
1.2432
0.4975
0.8250
-1.7107
-0.6739
-3.9529
-0.0117
1.3679
-2.4041
0.8828
1.7748
3.1695
0.7857
1.0195
0.6244
-0.7529
2.3894
-3.0937
-4.1098
-2.5904
-0.9512
0.0545
3.0124
0.2559
-0.9981
-1.5256
-3.1354
0.6878
2.3269
-0.9354
0.3164
-1.2976
1.2540
4.9992
1.8375
0.2999
0.0574
-1.4400
-1.4515
2.3973
-1.8517
1.2302
0.0954
1.4693
-0.9558
1.6069
2.9367
4.5328
1.5121
0.6923
-0.3184
3.1050
0.0372
0.7274
1.2928
-0.7618
2.1707
1.3318
-2.2345
1.6365
0.2465
2.3205
-0.2975
2.9703
-0.2741
0.1609
6.1036
-2.4569
0.7474
-0.5897
-1.2834
-0.3006
3.6605
-1.9499
1.7776
0.1987
0.9920
1.3908
2.8114
-0.1273
0.4465
0.4061
-0.7020
0.2091
-1.5812
-2.7056
-1.2092
-0.0073
-3.0103
1.1272
0.9481
1.3773
-3.6703
0.6358
-1.7925
0.9828
1.1764
0.2551
-1.3722
2.1933
1.6105
0.2026
-2.4987
4.6275
0.4523
2.2706
4.5208
-0.6975
-0.8456
-0.0517
-3.5803
2.8855
-0.6672
0.5125
2.0060
0.3129
3.6912
0.4731
2.2465
-2.0764
0.2473
-1.8312
2.3127
-0.0009
1.5187
-0.3921
1.2726
1.6150
-6.0317
1.5382
1.3385
0.4880
0.1299
2.2451
0.3774
1.3022
1.1978
0.5971
-0.0593
0.4437
0.4368
2.1749
1.0567
3.7311
1.2054
-0.3366
4.8246
-1.6441
0.5179
-2.8879
0.1515
0.9570
0.1427
-0.4339
2.5639
1.3124
1.1852
2.8652
0.1270
1.9890
-1.4707
-1.6525
-0.5285
0.9334
-0.5617
-0.2844
-1.7737
2.2347
-2.3414
-0.0596
-0.3370
-0.1322
-2.4705
0.9878
3.4084
-0.2200
1.7659
-2.4420
-1.5856
-2.1916
2.4711
1.8830
-1.9952
-1.7779
0.1679
4.4825
1.8833
-0.1466
-0.1473
1.9826
-3.0572
-0.4770
2.3761
-0.5143
0.9216
-2.3417
-4.9424
-1.2436
-1.4147
-0.7475
1.2792
0.6967
-3.6589
-2.0814
-2.0519
0.0438
-0.0078
-2.7011
0.7341
5.3761
-0.9519
1.6978
2.4543
1.5023
1.2024
-2.7160
0.8714
-3.6980
1.0344
3.4398
-2.9041
0.9487
-0.4782
-0.0656
0.5399
1.0871
-2.7885
2.8051
-0.7513
1.4158
0.5809
2.3547
0.5980
0.4808
0.6654
1.0668
0.6416
0.7025
0.9222
-0.4047
2.3620
3.0216
-2.5624
-0.3013
-2.3537
0.9077
2.9271
1.0798
1.5765
-1.0337
0.8897
-0.6059
2.9952
0.5854
-0.6596
-1.8261
2.5800
-0.6858
-2.1288
-0.0253
-1.5260
1.0501
-1.3512
-1.2610
-1.5205
-3.2941
-1.5612
2.7492
2.5686
-0.1516
2.2651
0.9917
-0.1180
-0.1293
0.0089
-0.3936
0.8112
1.4004
2.0539
0.9137
1.8084
1.2847
-1.1455
0.9282
1.1821
1.3668
1.0238
-2.1484
0.9208
1.5081
0.3515
-0.1369
0.2897
-2.3728
-0.9570
-1.5491
0.9470
1.9828
0.3527
2.5610
0.0760
-2.9348
-1.8284
1.5513
-3.7256
1.8566
5.8366
1.0781
-0.7265
1.5681
3.3946
2.3250
1.6958
1.5462
-0.4123
-1.3995
-1.7688
0.0618
-1.9230
0.7662
0.5813
2.3652
0.4103
-0.9897
-1.7605
-1.1675
0.9570
0.8967
3.4116
0.6120
1.4159
-2.7800
1.0718
-3.8204
1.2565
0.5643
1.9253
-0.2873
-0.0008
-0.7825
-0.8091
-1.6659
1.6524
-0.6220
-0.8185
1.9637
-2.7315
-0.4482
1.6723
0.8699
0.8481
1.0008
-1.7111
-1.4792
-1.0180
0.0184
3.3611
-1.9438
-0.5937
0.4769
0.8951
3.7627
1.2422
-1.4777
3.5130
0.9565
1.5531
-1.8981
2.6853
-2.2477
2.7024
0.6703
0.3754
2.5785
0.4223
2.2956
1.2949
-1.1066
0.8012
1.1165
0.6514
-1.8260
-0.1135
2.2383
-2.8614
1.4331
0.8698
0.2873
-0.5856
1.8596
0.0610
1.7412
-0.2803
1.3156
-0.0069
2.2905
-1.6630
-0.2480
0.8197
3.5502
1.0575
-1.8594
0.8798
-1.2478
-1.2776
0.6671
0.3811
0.1131
2.1836
0.9028
0.8013
1.7864
-2.9932
-0.5127
1.5381
-2.0950
0.6606
2.8504
3.3048
1.0721
-1.0923
-1.2381
1.1569
2.4002
1.2495
-0.4490
4.0212
1.9752
-3.0220
-2.6779
-1.8837
0.7355
0.5686
-1.5571
-0.3359
1.8972
0.6684
0.9587
0.2519
0.0505
0.9419
-2.8777
-1.9426
4.0296
2.9829
2.0482
0.9749
0.2462
0.3965
0.3262
-4.0249
1.5538
-1.3240
1.0436
-0.1133
1.6007
2.5359
-0.4880
2.3357
0.4346
1.4319
-1.5213
-0.3674
0.6944
-0.0685
2.8905
1.0850
2.0878
-0.2986
0.7496
-0.1045
0.9874
0.0717
0.6343
-0.0649
1.2048
0.1580
1.3314
-1.4412
-0.1752
-1.6446
0.5421
-3.4289
2.8862
-0.6240
-0.2233
-4.7400
-0.2273
0.5286
-0.9885
-0.9950
-3.8466
1.1492
0.5785
2.4672
-2.4524
1.4456
-1.5485
1.4706
-0.0861
3.6956
0.5693
2.2992
0.6463
4.2660
-0.5318
-2.2139
-0.5096
-0.6410
1.2661
2.5128
-0.5088
0.3487
-2.9564
-0.6773
-1.1020
-2.0783
0.8833
-1.3588
1.0742
0.8892
1.2287
2.1321
-1.8985
1.9922
-0.9840
0.4331
-0.8252
1.3062
-2.1177
-1.9298
1.2702
-0.6973
-1.6236
-2.0125
1.7333
1.5364
0.0230
-2.8793
-0.5346
2.5957
-1.7803
0.5325
-2.1041
-0.2851
0.8028
-0.2490
-0.9363
-0.2828
3.0484
1.6326
-3.0158
0.2395
3.6645
-0.1601
-0.0348
0.2719
-0.9456
-0.1979
-1.2224
4.3177
2.3626
-1.9542
-0.1785
-2.7492
-0.8335
-0.4164
0.2447
3.1991
1.8408
2.2186
-1.5554
0.2843
0.7311
-5.5853
0.4831
0.6399
3.6276
-0.9836
0.3080
-1.3825
-1.2827
1.2094
-4.7858
2.0901
-0.5961
2.3767
-0.5823
0.8022
-4.2216
-1.0305
0.3460
1.0780
1.1334
1.8504
2.3598
2.6650
1.9963
6.7064
-0.6810
-0.6781
-1.5458
0.8040
0.6974
1.4263
-0.7091
-1.8996
0.4011
-0.3261
-1.4737
-0.7510
0.4656
1.8470
0.8302
-0.7374
2.0397
2.0468
-1.8744
0.3227
0.9336
-0.5505
1.8586
0.9983
-3.1028
2.0875
-1.3484
-1.2866
-1.6757
-0.8175
0.9506
0.9077
1.9182
-0.9764
-1.0428
-0.8838
2.4854
-2.5853
-0.1824
0.1230
-1.9180
-3.0908
1.4520
1.0390
2.3152
-1.3455
2.1658
2.2160
1.2656
0.4976
-1.8065
1.2898
0.8059
0.7113
2.6221
-2.2528
-2.5656
1.4687
-0.5770
4.0815
-0.8944
-0.1399
0.4645
-1.1731
-0.9182
-1.6675
2.6742
-4.8108
2.1656
1.9476
0.0472
-0.1043
-0.7359
-0.3930
1.7000
-0.0224
-0.1084
1.4939
-1.4212
0.1882
-0.4067
-0.9623
-3.0817
0.9944
0.1237
2.3286
1.7594
1.4757
-3.4802
0.1078
-1.0362
-0.0607
0.8788
0.6567
-1.2804
-0.3175
0.6706
1.2130
-2.8442
0.6487
1.2216
0.7813
2.2621
0.3705
-0.4990
1.4762
-0.5521
-3.2246
3.6741
-1.0321
1.6864
0.6954
2.6248
-1.6865
-3.1100
-0.6304
4.2276
-0.3765
0.7793
0.4836
-3.1207
-0.9348
0.6059
-0.9111
0.2396
-0.8245
0.4503
-1.0420
-1.2591
0.2684
-0.0267
1.2175
0.9542
0.6631
0.8392
0.9673
1.5048
1.5225
2.7733
-1.1338
0.7631
0.7718
0.7885
1.0271
-0.4785
-1.5272
-1.9656
-3.4382
1.6349
-2.1285
1.2803
0.4111
-0.7338
-0.7862
-1.5046
0.2420
1.1125
1.3322
0.2760
-0.9203
-0.1420
1.7441
-0.2013
-0.5230
0.2223
0.1452
-0.0888
-0.5426
-0.9472
1.5696
-2.5518
-0.6108
0.6397
-5.8267
1.1257
3.9073
2.8572
0.7328
0.2463
2.4314
-3.3282
0.6765
-1.9467
0.8646
1.3565
0.2331
-1.6670
1.2877
-3.5677
-0.0389
-0.5878
2.1085
-0.7274
-0.4187
-1.0218
-1.4478
-3.6822
-1.0730
-2.0961
-5.0674
-0.3724
-2.3035
2.0290
3.8287
2.7814
-1.1137
4.1502
-2.3617
-1.8605
2.3704
0.9796
-1.0405
-2.5495
4.8027
-2.4707
-0.4252
-1.2382
-2.7149
0.5510
0.3188
2.1054
-3.5403
0.0968
-2.1694
-1.0729
0.3878
-3.1727
-2.0402
3.4274
3.5962
-0.7790
-1.5964
-3.3306
-1.9337
0.3170
5.2278
-4.5595
-1.5249
1.7322
0.4315
1.6741
-0.0335
-1.9238
1.3000
-2.1892
0.9254
-2.4120
-1.7016
1.2338
-1.8859
1.9331
-0.7767
0.4993
-0.5527
-1.5410
-0.0577
0.4522
0.4359
1.2976
-0.6610
-2.8074
1.0694
-1.6345
-0.1813
0.1247
-0.4706
3.5976
-0.5108
-1.0877
0.3205
-0.1277
2.5489
3.5990
1.0200
0.8330
-0.1873
1.0574
0.2456
-0.9012
-0.8992
-0.5516
-0.7380
-1.1603
1.3540
1.4967
1.3078
0.3477
0.5582
-0.6841
0.6173
-2.4408
-1.5198
0.2204
-1.2611
-1.0022
-0.0181
-0.3663
0.6178
-0.5287
0.6378
-1.6624
-0.5750
-1.3763
-0.3516
-0.2713
0.5356
-0.6162
-0.8561
-0.8056
-1.1141
1.2951
-0.1194
-1.7278
-1.1261
-0.5713
-1.4364
-0.2919
-1.6672
0.0709
-0.7442
-1.1041
0.0567
-1.5145
2.5328
1.1185
-0.6492
-1.1498
-1.4342
-1.2722
-0.9765
-0.3699
-1.0081
-1.1940
1.1061
-0.3118
-0.5266
0.1320
-4.1274
2.0287
-0.7762
-3.1064
0.9476
-1.7729
0.5319
-0.0010
0.1546
1.1234
-0.9914
-0.8786
-0.7997
-1.0291
-0.2901
-0.9041
2.0701
-0.6077
-1.0589
0.4909
1.4913
-2.4111
-1.2370
0.5879
0.3840
0.4137
2.9044
1.2698
-0.9467
-1.2660
-0.4921
1.2168
-1.3378
-2.1248
0.4823
-0.7807
0.6765
-1.0058
-0.4711
-1.0068
-4.1488
0.0696
-0.6138
0.8841
-1.7011
0.4187
1.2858
0.0531
-0.4011
-0.5953
-1.3505
-0.9880
1.1533
-0.3609
-1.2163
0.5693
-1.4254
0.3378
-1.6894
-1.5708
-1.4400
1.1412
0.7061
0.3188
-0.8125
-1.0686
-1.5387
-1.6544
1.7393
1.0066
0.4377
0.6947
-0.5890
0.5193
1.3939
-0.8180
-1.2913
-0.6009
-0.2989
0.7598
-0.1388
0.0151
-0.7571
-0.9688
0.0701
0.6296
-0.5991
0.0440
0.2297
-0.5895
-0.4246
-0.6802
-0.8187
-1.4247
-0.1318
-0.7431
-0.0539
-0.3495
-0.4984
-0.1728
1.4331
-1.5359
-0.6516
-0.1218
-0.7372
-1.1972
-0.4479
-1.0330
0.0308
-0.2614
0.0857
-0.9531
-0.1321
-0.4889
-1.0115
-1.2954
-0.6887
-0.9677
2.6007
0.4233
-3.9450
-0.8380
-0.4765
-0.7827
-1.7579
0.9918
-1.4904
-0.4781
0.1116
-0.7532
-0.9307
-1.1321
-0.9623
2.2242
2.4646
-0.9103
-0.6203
-0.7106
0.9356
-0.1025
0.0295
-2.2131
-2.7355
-1.5646
-1.6267
0.5597
-0.8739
-0.7152
-0.9832
-0.5545
0.0642
0.2077
-0.6915
1.1034
-1.0128
-0.7426
-0.7018
-0.6042
-0.4559
-0.7317
-3.8804
-0.5926
-0.5273
-0.9717
-0.8735
-0.9869
-0.6635
-0.3868
-0.6930
-0.6386
-0.6017
-0.7533
-1.4137
-1.4252
-0.6982
-0.9358
-0.6642
-0.5553
-1.9064
-0.8143
-0.6506
-1.4672
-0.8304
-0.7369
-0.5506
-0.8604
-0.5514
-0.8315
-0.6279
-0.7732
-0.8463
-0.8091
-1.3775
-1.0795
-1.1083
-0.7284
-0.8072
-0.6634
-0.3365
-0.6633
-3.8971
-0.4634
-0.4280
-0.9759
-0.7960
-0.8557
-0.7233
-0.5069
-0.6449
-0.5664
-0.4684
-0.5368
-1.5166
-1.4074
-0.8083
-0.9850
-0.7279
-0.5964
-1.8702
-0.9247
-0.6379
-1.4036
-0.7907
-0.7485
-0.7154
-0.6678
-0.6112
-0.9452
-0.5000
-0.7747
-0.8833
-0.5551
-1.3294
-1.1337
-1.2128
-0.8193
-0.6069
-0.5701
-0.6409
-0.5498
-3.8627
-0.5090
-0.2975
-0.9896
-0.8686
-1.0178
-0.9358
-0.6001
-0.7017
-0.6753
-0.4873
-0.6940
-1.4323
-1.4603
-0.7261
-0.9817
-0.4668
-0.5035
-1.8866
-0.6185
-0.5232
-1.2947
-0.7641
-0.8756
-0.7540
-1.0063
-0.5608
-0.8833
-0.6618
-0.7101
-0.8172
-0.9464
-1.4808
-1.0096

Direct connections:
