version: 10
file format: 0

training data file: ../subwords/english/32.txt
validation data file: ../subwords/english/32_test.txt

last probability of validation data: -17668.200173
number of finished iterations: 11
current position in training data: 0
current probability of training data: -17631.097998
save after processing # words: 0
# of training words: 111345
input layer size: 70
hidden layer size: 40
compression layer size: 0
output layer size: 62
direct connections: 0
direct order: 3
bptt: 5
bptt block: 10
vocabulary size: 30
class size: 32
old classes: 0
independent sentences mode: 0
starting learning rate: 0.100000
current learning rate: 0.001563
learning rate decrease: 1


Vocabulary:
     0	       781	</s>	0
     1	     21350	â–	0
     2	     11009	e	1
     3	      8691	t	2
     4	      7301	a	3
     5	      6756	o	4
     6	      6154	i	5
     7	      5983	h	6
     8	      5753	n	7
     9	      5359	s	8
    10	      4388	r	9
    11	      4043	d	10
    12	      3977	l	11
    13	      2803	u	12
    14	      2230	w	13
    15	      2092	g	14
    16	      2000	c	15
    17	      1911	y	16
    18	      1735	m	17
    19	      1618	f	18
    20	      1214	p	19
    21	      1174	b	20
    22	       944	k	21
    23	       874	'	22
    24	       672	v	23
    25	       170	q	24
    26	       107	x	25
    27	       105	-	26
    28	        91	j	27
    29	        60	z	28

Hidden layer activation:
0.0012
0.0043
0.0002
0.0016
0.2492
0.0375
0.0212
0.0036
0.0112
0.1178
0.8712
0.1210
0.1884
0.2411
0.1191
0.0001
0.0020
0.0354
0.9432
0.5621
0.1926
0.0383
0.0495
0.2534
0.0008
0.6998
0.9506
0.0030
0.1325
0.0029
0.0055
0.0050
0.7318
0.0099
0.0126
0.0006
0.0330
0.0454
0.0344
0.7256

Weights 0->1:
0.9571
-5.4531
-4.3775
-2.7181
-3.7887
-2.4305
-1.7955
-3.0497
-3.7887
0.1781
-3.6722
0.4664
2.5785
-0.0931
-1.1968
-0.7117
0.1661
-4.1496
0.5914
-1.0811
0.8631
3.0767
0.0635
-2.9412
4.2160
-1.8837
0.3600
-2.5234
0.4013
1.6137
0.7192
-1.2413
-4.1829
-6.5813
2.0011
1.2361
-1.8739
0.1076
-2.9546
0.3440
0.3010
0.4888
2.5258
-0.2495
-0.8474
-1.1261
-0.5470
-0.5005
-1.5133
-0.5082
3.0444
-2.2202
0.0965
1.8651
1.1478
2.5072
-2.4356
-0.7174
-0.8594
-0.5124
1.1994
2.0277
-1.7764
2.2118
1.0260
-0.7564
1.2289
0.5648
2.0909
-0.5904
-0.7501
-3.1463
-2.9280
-2.4784
-3.0729
-2.8349
-0.3743
1.0500
0.3100
5.3797
1.5940
-0.4074
-3.3563
-1.6489
-3.0253
-3.8286
-0.1596
-1.3127
-2.0563
0.0477
-0.5096
-1.3230
0.6128
-0.4794
-0.8780
4.8250
4.8137
-1.1466
1.5460
0.1204
-2.2484
-0.3630
-2.7925
-3.0256
1.4496
0.3799
-0.9451
-0.4856
0.5933
-0.0253
1.3066
-1.2764
-1.4623
-0.7225
-0.5487
-1.8882
-2.5618
0.4519
0.4901
-0.5961
-0.2634
-1.8221
-1.6894
-1.6701
-1.2383
-0.9065
-1.5408
-0.9969
-1.5192
0.3644
0.8562
0.2046
-1.3740
-0.7300
0.3189
-0.0481
-0.4084
2.0084
-0.9414
-1.8426
0.4104
-1.8651
3.3478
-3.0587
1.3391
-3.5127
3.7761
0.3787
-3.8424
-3.2340
-1.4996
-0.7492
-3.4384
6.2105
-3.7993
3.1274
-3.0649
-3.8722
-3.4441
-0.3332
1.1050
-2.2483
0.8110
4.3988
-2.3259
-1.7065
0.6606
-0.3923
-3.3393
-0.1940
-3.5328
-1.1304
-0.0540
0.0126
-1.0440
-1.1882
0.1408
-0.3070
0.8493
-2.5460
0.5583
0.2176
-2.4748
-2.2091
0.1279
-0.0850
0.1002
-2.1073
-2.6445
-2.5654
-4.4102
-1.3501
-0.2549
-1.4097
0.2031
-2.2344
-1.3326
-2.1709
-1.7590
-0.6819
-2.5446
-1.7618
-1.1971
0.5967
0.4108
-1.6056
1.4197
2.9164
-0.7476
-5.0329
0.4312
-2.5720
-0.6901
-0.3917
2.7635
-1.0567
-3.2181
-0.8008
-1.4326
0.6944
-1.7857
-3.1577
3.3799
-1.5918
2.4129
0.4340
-1.9992
-2.3787
0.6737
0.1937
-3.1018
-1.2746
0.4618
3.0174
-1.2273
-1.3212
-0.8144
-0.6032
-0.5678
0.0183
-3.6701
0.8877
1.0500
0.9142
-1.1605
-2.2667
-2.2641
-3.0697
-1.3849
-0.6979
0.6563
-1.0510
1.1667
-2.0359
-1.2666
1.0814
0.9408
-2.0863
-0.3318
-1.4731
-0.4563
0.4812
-2.2743
-0.1788
0.9956
-2.7807
-1.4434
-2.8121
1.1548
-0.7679
-2.6733
-0.6763
-2.8958
-3.5237
-1.3816
-2.2842
1.1386
-2.9800
-1.2268
-1.5926
-0.1451
-2.6469
-2.8644
-1.0341
-1.6736
0.6267
-0.1665
-1.8795
-0.7229
-4.8149
0.1176
-0.4321
3.4973
2.7526
-1.0222
5.2536
-1.3402
-0.5174
-1.1215
-1.6073
-3.7406
-2.4261
1.5687
0.0034
-0.5553
-0.5583
-1.3082
-0.7587
0.0575
-0.6868
0.5288
-0.8227
0.6678
-0.7342
-0.8645
-0.1134
-7.2778
-3.1567
-1.3988
1.1826
0.8517
-0.8688
-0.9403
-2.7443
-3.0842
1.8162
-0.9224
-1.6647
-3.7548
0.2472
3.5052
-0.8177
1.1141
-0.8819
1.3918
1.3622
-2.2027
-3.1356
0.3365
-2.1484
-1.3031
-1.7265
-0.7356
1.4623
0.3258
0.1965
-1.2382
-0.0809
-0.6613
-1.2637
-0.3342
-4.3662
-1.9645
0.5336
0.1962
-5.4420
-0.3252
1.3198
2.4311
-3.3700
-1.3317
2.5492
1.3173
-2.5169
0.3002
0.5482
-1.0508
-2.7097
-1.5280
-1.5628
-1.2946
-0.0873
0.7617
-2.6596
4.2644
-0.4995
0.0587
-2.4217
-0.4372
2.3986
-0.6377
-2.1221
-4.5796
2.7903
-0.3256
-0.3890
-3.6847
-2.1780
0.8155
-3.2961
0.9637
-3.2669
-3.3268
-2.1606
0.9263
2.9907
-1.2606
-1.8796
1.1273
-1.5556
3.5475
-0.7984
1.5124
2.8339
0.3006
-2.7937
-1.9252
-0.8087
0.0188
-0.4890
1.1345
-1.3979
-0.3520
-0.6186
-0.1287
-0.2873
-1.1591
-1.6626
-0.7371
-0.7142
-3.0075
8.8905
-4.8938
-2.3580
-2.2937
-1.8549
-1.6731
-2.7247
-3.8213
-1.5608
-3.2656
-1.7666
-2.2619
-0.2516
-1.7915
-2.7166
-0.4660
-1.9053
-1.2790
-0.8972
-1.0553
-0.7599
-2.0238
-3.5528
-3.2295
-1.6159
0.7020
5.1105
-1.3199
-0.8797
-1.6272
0.7077
-1.2376
0.2521
-1.0829
-0.7788
-0.3024
-0.2295
0.0113
-0.5660
-0.3067
1.2190
0.3648
1.4601
-1.1389
-1.1303
-1.4741
-0.3006
-0.1790
-0.4811
0.4663
-1.9660
2.1487
0.0208
-1.5079
-0.1406
0.2229
-0.5411
1.0690
-0.3846
-1.3479
0.1512
0.9640
-2.2652
-2.1797
-1.0193
-1.6809
-0.9373
-0.1106
-0.1401
-1.0388
-5.6629
1.2721
-3.6862
-4.2870
-3.3505
-3.8889
3.1335
1.2828
-3.1239
-2.6371
-1.8543
2.5986
-1.0420
-1.1912
-1.3923
2.3885
-1.0429
2.9280
4.1111
-1.6774
2.5430
-0.8212
-3.7879
1.1271
-1.9401
0.0455
-1.7707
2.4107
1.4158
-1.9795
2.9941
-3.7561
-1.4798
-3.5108
1.5550
-2.0159
-0.6275
-0.1063
-2.2742
0.5543
0.4117
-0.6874
3.0330
0.5560
0.2297
-2.3585
0.5375
-2.1713
-1.3596
0.1837
-2.8843
-0.8498
-5.0301
0.3333
-1.5539
2.4319
0.5667
-0.1193
-0.3345
2.9854
-3.4115
-1.0677
-2.7479
0.4245
-1.4647
1.5705
1.5004
-3.0157
-2.1926
1.4559
-4.5657
-2.8265
-1.8724
-1.4960
3.6021
1.7371
-1.2418
-0.9525
-3.8463
-1.5184
0.3862
1.9006
-0.9326
2.1006
-2.9272
0.4042
-2.8389
-2.5946
1.9969
-2.8749
-2.3733
2.6325
2.2059
-0.0047
0.4912
-1.4505
-0.2825
1.3233
-0.1525
0.1749
-0.6836
-0.1356
-3.3495
-1.3250
2.2409
-4.8097
-0.8284
-0.2211
-0.4336
0.8429
-2.5705
-5.6158
-0.7689
-1.3356
0.3304
-3.0384
0.3980
-3.0989
0.5193
0.9666
1.3237
-1.7179
0.3585
0.3051
0.0910
1.2531
-0.4409
-0.0220
0.2185
-0.5466
0.2178
-3.2402
-1.5109
-2.2943
2.8687
1.8627
0.0345
-2.6553
-0.4578
2.2495
-5.4543
-0.8579
-3.5870
-3.7603
1.2097
-4.6447
-3.7550
0.7109
-0.6240
-0.2447
-0.3113
0.2269
-1.2057
1.8657
-1.5314
-1.6329
-2.7446
3.5055
-1.2115
-2.0991
-0.2259
-1.5259
0.3034
-0.9199
-0.2489
-0.8760
-2.5363
0.1198
-1.0241
0.5828
-1.5128
-2.5316
1.8977
2.6811
2.8614
-3.6111
0.5487
0.8504
-3.4273
-3.3799
2.0000
-3.1769
1.1150
-3.4432
1.8994
-0.8102
-0.4349
-1.8602
0.8926
-1.0532
-1.4202
0.7504
-0.7563
-3.3671
-0.5548
1.1863
-0.6784
-0.7538
-2.1183
-4.2350
0.8307
-0.8664
-0.8555
-0.1215
-2.4966
-1.3839
-1.0209
-3.0782
2.6574
0.3408
-2.6402
-0.1824
-3.8439
-0.9754
0.1019
-0.9731
-1.7317
1.9551
0.3465
3.1507
1.2539
-1.6686
-5.1785
-0.8795
1.0906
-1.9557
-0.7276
-0.9129
-0.6580
-0.1578
-1.1366
-1.2093
2.5767
-1.8382
-0.9696
1.1992
-0.4918
-0.2891
-0.7429
0.0032
-0.0130
1.4859
-3.3627
-2.0221
-0.7892
-2.0998
-0.4405
-1.6642
-1.6280
-0.9478
0.0850
-1.3558
-3.1905
1.4970
-1.6138
2.0908
-0.6778
-2.3356
-3.1362
-1.4958
-1.7452
-0.2415
-1.1744
1.3033
2.1774
1.6957
-1.7150
1.0895
-3.3438
3.2480
1.3308
-1.4499
0.9470
-2.9455
-0.3785
2.4984
-2.9098
-2.2522
-3.6206
-0.1216
-3.9058
0.4877
-1.4247
-2.3457
-3.1422
-0.6827
2.6750
-3.1387
-1.2604
-4.8708
-1.4495
-2.4885
-0.2975
3.6296
-3.5013
-3.7763
-0.7678
3.6367
0.2630
-0.4531
-0.2093
4.2955
-4.3172
4.7832
-1.9866
1.6637
-1.6000
2.7333
0.5291
-3.8039
0.0859
-0.3561
-0.8151
-1.8750
-3.7049
-2.5936
0.4550
-0.9780
-2.0198
-0.2800
-0.8734
-1.5944
0.2813
-1.6811
-1.5720
-2.1520
0.4411
-1.2316
-1.5292
1.3502
-1.3884
0.9075
0.0040
0.3538
2.6781
1.9755
0.7978
-0.9246
-1.2275
-2.4311
-2.6390
1.3193
1.3707
-0.6399
2.8387
1.7259
-0.0136
-0.3665
-1.7393
-0.4067
-4.7122
-4.5301
-1.2715
4.2115
0.7920
-0.1356
-3.1159
2.1725
-2.1868
0.9119
-1.5195
-2.2987
2.6219
-1.6547
-2.1131
1.1097
-2.0010
0.3546
0.3211
0.7922
-1.5776
-2.0041
-0.0283
-0.8902
1.5487
0.9837
-1.6801
-0.2118
-0.4034
2.5325
2.1275
0.2999
-2.1782
-1.2968
2.9563
-4.3476
-2.5418
1.2637
-1.9476
0.1849
-0.1718
-2.1574
0.6452
-2.7121
-1.6199
-2.8183
-3.9644
-2.4768
1.0343
0.7175
0.1532
-0.1825
-2.5330
1.1239
-1.0801
-3.9540
-1.0780
0.4209
-0.0458
0.7309
1.4159
-2.9680
0.8782
-0.2472
-0.9722
-1.2215
-0.8853
0.2600
-0.5229
-1.1588
-2.7530
-1.6359
-1.5436
-1.6799
-4.1346
-4.5158
2.5230
0.5977
-1.1952
-4.3530
-0.1564
3.3295
-1.8074
-3.7557
-0.4470
3.2385
3.7317
-3.5080
1.0136
-0.2864
-4.5021
-0.3130
-3.8175
4.8033
-1.6802
0.0270
0.6747
1.8259
0.4834
-4.4580
-0.5672
0.6847
-3.2694
-1.6851
-4.2009
-0.6920
0.0772
-1.3020
-1.0256
1.2333
-1.2476
-0.4138
-0.0167
-2.9427
-0.3996
-0.7581
1.9721
0.3097
-0.5419
-1.3585
-1.5036
0.4871
-2.0527
1.4171
-2.7124
0.7737
-2.1702
-2.8616
-0.0382
-2.3116
-0.5454
0.5987
-1.5798
0.7096
-3.3554
-2.1619
0.5772
-4.6467
-1.2899
-0.1781
-1.5764
-3.7976
2.2214
-3.2535
-1.6101
0.6503
0.7795
2.8857
3.0619
-1.5917
-1.3611
-2.9854
2.8534
0.1287
-0.6840
-2.7408
-0.4692
-3.1486
-3.0374
-3.9686
-1.8312
-0.7002
-2.3378
-3.1370
-2.6262
-0.5163
-0.1869
-1.1558
-0.2634
-1.2031
1.0049
-0.8821
-2.1920
1.8924
-1.2714
-1.3803
-0.7397
-0.9257
-2.9524
-5.5926
-1.7741
-0.8249
-2.0117
-3.9882
-1.1236
0.8759
-0.8704
-2.7023
-1.7607
3.5896
-3.1919
-1.5905
-0.4863
2.9189
0.9489
0.8179
-2.9514
-0.4465
-2.5415
1.7026
-0.4388
-0.6021
2.8879
-2.2693
-0.4857
0.8924
-3.5340
-1.6389
-3.3333
-0.7262
-3.7780
0.0397
4.3329
-3.2810
1.4797
-3.8015
-3.5304
-2.1498
-2.6397
-1.3857
-0.8091
-2.7177
-2.9955
4.0201
-1.8939
1.2252
0.2377
-2.0777
0.2090
2.5849
-3.8393
1.6123
-2.6694
0.5365
1.2704
0.1658
-1.2651
-1.8002
-0.3239
-2.1099
-2.4105
-2.9028
-1.6513
3.2930
-1.7130
0.1258
-1.1619
0.5183
-1.2006
0.7043
1.0377
-2.7482
-0.6639
-1.3169
1.1638
0.2328
1.3268
0.2300
-2.7446
-4.6459
-0.6972
-2.3800
-2.6381
-0.1548
-3.0256
-0.7398
-0.3665
-1.7723
1.3670
-1.1188
-0.1235
-1.7577
-0.4460
0.6980
-0.2657
-0.5970
-2.3690
-1.2878
-2.4243
-1.7149
-4.9166
-6.5585
0.4251
-8.0777
-5.1076
-6.7542
-0.9184
-0.9652
-4.7769
1.7172
2.4893
2.3789
-6.7270
3.6490
4.6262
-3.7938
-2.5570
-0.2600
0.4132
2.0622
2.7187
-4.1848
-2.7511
3.7322
2.1769
1.0049
-2.0792
0.7586
0.7412
-0.3907
2.0496
-1.3217
1.2022
-3.2173
-0.3194
2.5140
1.6698
0.3898
-1.4752
-0.2539
-0.1176
-2.2653
2.0626
0.0190
1.0666
1.6326
-3.1039
-1.8590
-4.0573
-4.3533
-2.9440
-2.8253
2.0398
-2.0644
-0.1954
-1.2608
-0.3095
1.2957
-1.6009
-2.3791
-1.5126
1.2951
-4.1543
-0.2044
-1.0149
1.1141
-1.8325
-0.3851
0.7293
-0.3333
-3.0950
-1.5448
0.4283
-0.9002
3.2444
3.6075
-1.8517
-1.5751
-1.9541
-2.2304
0.4184
-2.8903
1.5310
-3.8577
1.1541
-0.9925
-2.4689
2.1696
-3.4749
-1.2723
0.4488
-1.8114
-3.9424
-2.4095
3.0688
-1.0490
0.4573
0.6591
-0.8311
-1.7388
-2.6541
1.5947
-1.1530
-0.1804
-2.1518
-0.2890
-0.6474
0.1823
-1.5152
-1.8327
-3.2644
-2.2529
2.5120
1.0740
-1.2684
-2.4703
-2.7803
-0.6152
-1.6744
0.7060
-0.3840
-1.1668
2.0099
0.7050
-0.3381
-1.4631
-2.8179
-1.1997
-0.4568
1.5918
-0.5908
-0.3790
0.9368
0.2351
-0.5972
1.4236
-1.3777
-2.4718
-6.2817
3.3398
-5.8728
4.8027
-0.7960
-5.5498
-1.2590
-5.1871
1.2819
5.6238
0.6878
-0.1650
-1.6432
5.8876
-2.0456
1.7928
-3.7579
-1.8876
3.5619
-2.7125
-0.2799
-1.5803
-4.5246
2.2399
-2.0082
-3.4504
-2.2425
-0.8014
-2.8579
-1.1113
-1.8771
0.7474
-2.5331
-2.2271
0.1699
0.6464
-3.7957
-4.8067
1.0830
0.7163
-1.0477
1.3820
-1.2715
0.6785
-0.4894
1.6874
-2.8277
-1.7680
2.5009
0.3220
-0.9797
0.9367
0.5036
1.3891
-1.4293
-0.4605
-1.9765
1.5377
-0.9738
0.5773
1.4551
1.5974
0.8260
0.0796
0.2008
2.7573
1.5079
1.5155
0.4567
1.1594
-2.1033
-0.9696
-4.1265
2.1674
-1.5294
-4.8015
0.6980
4.7562
-3.2547
-2.7370
-4.7810
-4.9826
2.1724
-0.8703
2.1654
-1.9631
-2.6428
-3.4457
0.3554
2.4843
-2.3311
1.3727
-2.6869
-4.0657
-0.5783
-2.0304
-1.2792
-1.6124
-1.9568
-0.2209
-0.0001
-0.1104
0.5525
1.5938
-0.3176
0.5501
0.0574
-4.2016
2.4298
-0.0903
0.6834
0.3326
-0.2217
-2.4736
1.1503
1.4084
0.2693
0.9409
-4.1727
0.6976
-0.2856
0.0261
-0.2434
-0.4912
1.5790
-1.5224
2.1662
-0.0698
-1.3117
-0.6273
-0.5201
-2.9216
-1.0265
1.5152
-0.9696
0.9000
-1.2225
-5.4305
-0.5609
-1.0319
0.0773
-0.7199
-3.5965
-0.7943
-5.5320
1.5594
-0.4510
4.7674
-2.8464
-2.9658
2.6001
-4.7797
-2.3393
-1.1352
8.5235
-3.8568
-1.1166
0.3342
-0.6490
-2.6474
-1.4728
-3.5992
-0.7395
0.8566
7.4285
1.2176
-0.0462
-1.5667
-0.5001
0.0139
1.5428
-3.0400
-1.5242
0.4887
1.0564
1.3281
-1.2470
-6.9420
-0.0572
0.1829
2.0828
-2.0106
-1.8284
-2.2515
-0.1986
0.0675
-0.2342
0.6217
-0.1390
-1.6149
-2.7646
1.3264
-0.9141
1.7369
-0.9994
-2.2641
1.8109
0.7510
-3.4092
-1.2989
-0.5748
0.1128
-0.4211
-0.9732
3.4874
-2.7111
-0.3958
-3.1570
0.7867
-1.7283
-1.4334
-1.2100
-3.9475
3.0435
-3.5805
6.9267
3.0823
0.3674
-1.9760
-1.6344
-3.6729
-5.3255
-1.6850
0.1630
-2.4518
-2.6469
-2.5230
-3.6598
-1.7751
-4.3058
-1.2579
-1.0320
0.2091
-1.9645
5.5732
-1.8416
-0.2614
-1.7969
-3.0666
-0.7089
-0.4095
-2.2601
-1.0711
2.9732
0.3922
-1.7282
-0.4349
-8.6921
-3.1279
1.4447
-1.6991
-1.2385
0.8957
1.3770
1.0241
-2.3382
-3.2233
-3.1570
0.8310
-0.0132
0.4068
0.2957
-0.1936
1.2582
-3.7438
0.2837
-4.5550
0.2818
0.1609
1.2608
1.3065
-0.7282
-0.5326
-2.3198
-2.2634
-1.5855
-1.2914
1.1555
-0.1326
-0.8216
-0.1452
-0.4819
-2.0855
4.1444
-1.7104
-2.2626
-5.2956
-0.2331
0.3268
-1.6248
-2.0866
0.9049
-2.7911
-0.4060
-1.3842
-1.3895
-1.5055
3.6042
-2.6994
0.5107
-1.2056
-2.7498
1.4683
-1.5850
-2.0748
-1.0426
-1.0986
0.9476
-0.2915
-1.5745
0.1463
-2.4188
-2.9028
1.6874
0.1458
-1.5416
-3.1225
-1.0281
-2.4879
-1.2952
0.8798
-0.3938
-1.8750
-2.0776
3.3845
1.8337
-0.0869
1.8870
0.0575
-2.3226
-0.7267
-1.1092
-3.5489
-1.9095
-1.3374
-0.4598
1.6192
0.6992
-3.5294
1.4553
-1.5136
-0.7902
-3.2753
-2.8036
-1.7430
1.9017
2.8376
-2.1460
-1.4342
-4.2950
-0.2816
0.2294
-2.6575
-3.6033
2.7609
-0.9299
-2.5468
3.8999
-1.6413
0.2228
-1.1452
-0.6486
1.8112
-2.0995
-2.2348
-1.7236
-2.1669
-0.8144
-1.8155
-1.8381
5.4560
-2.5443
-1.2991
1.7237
2.7468
2.9543
-1.0319
-0.4549
0.1591
-1.4385
-0.9775
-0.9008
-3.4612
1.1110
3.3594
-2.3675
-1.7825
-2.3342
-1.8373
-1.1236
-0.5209
-0.8304
-1.8811
-3.2812
-3.0936
-0.1281
0.0637
-0.5641
-3.2499
-3.4200
-0.3847
2.4027
-0.7687
1.4271
-3.5775
0.3140
-0.3189
0.2521
-3.9796
-2.4299
-0.4407
-1.4795
-0.5945
-0.8459
-0.4747
-0.9571
1.0019
-0.9287
1.1394
-1.3315
-2.6569
-3.1672
2.2006
-5.5533
-4.1996
3.6376
-1.2610
2.0544
-1.3793
0.6749
-3.6792
-0.1706
-1.6239
-3.1169
-1.3992
0.4498
-2.7639
-0.9670
-3.8228
-1.6464
-3.8883
-2.0311
1.3343
-0.9595
-2.9644
1.8970
-0.8796
-1.4027
-2.0811
-0.2272
-0.0140
1.4856
-0.0290
-4.9198
2.4890
0.0544
-0.8513
-4.6860
-0.1780
-0.9124
0.0649
1.2614
-0.1471
-1.2196
-1.4822
-1.4180
-0.4450
0.8347
-3.1753
-0.9680
-0.8627
-0.6058
-1.6167
-2.5806
2.1231
-2.5553
0.3091
0.1792
-0.8955
1.3396
0.2319
0.7893
-0.3966
0.3219
-0.2449
1.5652
-0.8955
0.5600
0.4285
-0.5483
-0.5275
-1.3462
-5.6284
2.5786
-4.3727
-3.3064
-2.4893
-4.7540
-1.3991
-1.1570
-2.3193
4.5124
-3.2634
2.7809
2.0684
-3.1674
-1.0652
-2.8546
-1.9243
1.8726
-1.7982
3.5318
0.8332
3.4013
-2.6631
-2.6813
2.7797
0.1241
0.1009
-0.7950
-0.1013
-1.9102
4.0469
2.6517
0.1367
-2.1852
-1.7086
0.2866
-2.1303
-1.5957
-0.6955
1.9692
-4.2885
2.3743
-1.9403
-2.0205
0.7684
-1.6330
-2.4747
-3.0280
-0.5679
-3.3705
-0.2854
1.2660
2.4519
-1.6914
1.5728
4.3563
-2.3450
1.3096
-0.0029
0.5640
-4.3085
-1.7421
-1.1155
3.5361
2.5489
-0.7263
0.4743
-4.7812
-1.0110
-0.3118
-3.3232
-2.8980
-1.1684
0.1974
-2.5815
-1.2969
0.7385
4.1625
-3.9825
0.8088
0.7327
3.1072
-0.8231
-1.7646
-2.1641
-2.3715
-1.4343
2.8639
-1.4195
0.2860
-0.2748
0.1221
-0.9026
-1.8164
0.9055
0.7675
-0.6805
1.4207
-1.0542
0.4297
1.6254
0.1058
-1.6971
3.8160
2.0037
-1.3210
-1.4866
-1.5951
-2.8435
-1.0431
-0.4699
-0.8200
2.9541
-2.0780
-2.6948
3.7893
1.0591
-0.0887
-3.2947
1.1742
-1.4569
-1.9822
-1.5976
-2.4986
3.6819
0.0118
-2.8237
0.6005
-3.9925
-1.5137
-2.4320
0.7876
-3.7789
0.4823
-0.1707
-3.0367
-2.0170
-3.0256
-1.8011
1.4297
-10.2484
-5.1155
2.9170
-0.3301
-1.0595
-5.7486
-2.1578
-4.4413
0.9822
5.0618
3.7641
-1.2898
-4.7211
-2.7687
0.0475
-4.5681
5.1663
3.3386
-1.3338
-1.2677
-0.0172
1.3685
-2.7152
-1.4524
-0.0309
1.0367
-5.5741
-0.8386
-0.6924
0.9141
0.2639
0.4287
-1.6828
0.5392
0.9696
-3.1037
-3.5448
3.1805
3.3345
-1.7566
0.1848
1.4278
1.4021
1.0601
-0.2631
0.3824
1.8882
0.9620
-0.4522
-2.6193
2.5292
-2.6269
1.2540
-0.9047
1.1556
-0.7332
0.1080
0.3733
-0.9689
-0.5691
2.9908
-1.5351
1.1448
0.8852
1.2927
-2.3655
0.2595
-0.5442
0.8287
3.0742
-3.6504
-2.5141
1.7130
-3.4236
-2.2710
1.8479
-2.5148
-1.0117
-1.1771
2.8420
-0.0803
2.6890
-2.8287
-1.6665
-2.0827
-0.6197
-2.0806
-0.9739
-2.5973
2.9492
-1.1675
4.0349
1.4207
3.8872
-0.2744
0.8241
-1.8572
0.2511
0.2196
0.0574
-1.0290
-1.0816
-1.7965
-1.3751
1.5983
-5.1816
-2.2616
0.6372
2.2175
-2.7523
2.0445
-0.5989
-1.3498
-1.9692
0.3882
0.7294
0.2410
1.8281
-1.6740
0.3090
-3.1899
0.1881
-0.2405
0.6693
0.2048
0.5140
-1.3427
-0.7053
-2.6346
1.0793
0.6887
-0.9361
-0.9898
-2.9866
1.4351
0.5036
-1.3382
-5.2284
0.7262
2.2097
-5.5714
0.9640
-0.1585
-0.9340
-0.1853
-5.6062
-1.6762
2.9089
-1.2574
-1.6813
-0.5146
-3.8992
0.0459
-1.0930
0.9872
-1.9874
1.3072
-2.4777
-2.4174
-0.7504
1.7532
2.4875
2.7074
-3.0947
-0.6669
1.0339
-2.8032
-0.6598
0.2202
0.2998
1.3178
-1.8935
-3.9312
2.0822
-0.4472
-2.3528
1.9620
-0.6719
-0.0200
-2.0703
0.5611
1.1848
1.3281
-2.4551
0.7221
-1.3979
-1.2031
-0.4242
-1.4885
1.4339
1.2682
-4.8187
1.8543
-3.9335
-3.0123
-0.5672
0.1815
0.9391
-0.4912
1.6694
1.1054
0.5427
-0.2001
-1.2461
-2.4575
0.0368
-1.8282
-1.5386
-0.4361
3.0962
-4.9864
-0.6159
-3.5506
-3.2182
0.1482
2.1627
-1.0176
4.1590
-1.5686
-4.0189
-0.4046
-4.0969
-0.9653
0.3479
3.8058
-2.5757
-2.8550
-0.8138
-1.0003
-3.2501
0.8793
-0.7063
-2.7414
-1.1859
4.0610
1.1242
-3.3148
1.2846
-0.9060
0.3670
1.7546
-2.0011
2.6830
1.6499
-1.3980
-3.6380
-3.3003
-1.6617
-0.5933
-3.5978
0.7705
-0.4561
-1.0302
-3.0644
-0.5440
-1.4272
-0.5658
-1.0433
1.3332
1.1285
1.4385
-5.3631
-3.0252
-1.2411
-1.4465
-0.6194
0.8755
-0.0878
-0.3319
-0.5638
0.6314
-0.3623
-0.8947
-1.5786
-3.7150
1.8725
1.3747
-1.0962
-1.9709
-0.4739
-5.2506
3.3065
-3.4741
-0.1906
0.5954
1.9990
-3.0671
-3.3371
-2.4918
2.4392
-1.3921
-4.1173
-0.4372
-0.8827
0.8659
4.2795
-2.5990
-2.1693
-1.9891
-3.1097
-4.6844
-1.3221
-1.7307
0.5391
-1.9152
-0.4524
-3.5667
0.3040
-0.9234
-0.3697
-3.4950
2.8195
-2.8739
3.3161
0.5447
-5.6142
-0.6784
-2.6482
-0.4244
1.1863
0.3308
2.0098
0.8642
-3.5459
-0.7778
-2.1298
-0.4181
-1.2475
0.0900
0.7368
0.6962
-0.6560
-1.1449
-0.6509
-2.8213
-1.0583
0.2580
2.0172
-1.6706
1.3654
-0.9357
-2.0101
0.8108
0.3135
0.0623
0.7098
-0.7255
-1.7657
-1.7315
-0.0700
-3.7653
-2.3084
-3.8874
-4.2804
1.3156
5.5414
-1.6407
1.8800
0.4186
2.7433
-0.0792
-1.9501
-2.2915
-3.8426
4.0128
-0.3791
0.0344
1.1300
0.3555
-3.6179
-1.1591
-2.0929
-0.0628
0.7054
-1.5331
-0.4653
-0.9499
-0.6593
-0.2467
-0.1243
0.0294
3.3503
1.2563
-2.9626
-5.6929
-1.7046
1.1771
-0.0566
0.1728
-2.3738
-2.6984
0.2588
0.5169
-1.1656
0.3811
-0.9734
-2.7032
-3.8472
-0.0087
-5.1881
-0.0198
-1.1662
-0.3622
-0.3099
-0.1555
-0.6643
-1.6397
0.0718
-0.6914
-2.4546
-2.3148
-0.2691
2.9294
1.0804
1.4447
-3.3646
3.2221
-0.0957
-2.1893
-1.1774
-2.2027
-1.0427
2.0447
-3.0292
6.7218
-2.5620
1.0147
0.0548
0.8835
-2.6687
-3.7510
-1.1467
1.3774
-2.3555
-2.7282
1.2191
-4.7429
-0.8477
-1.5012
-0.7149
-1.0648
-2.2860
-1.8905
-3.4419
1.1262
-0.0434
-0.3614
3.8024
-0.0636
-1.3489
-2.9174
-5.9531
-0.6168
0.4191
-2.4685
-4.9068
2.2860
-1.2617
1.0587
0.7232
-0.3624
-0.6594
2.7572
-0.4350
-2.0320
0.0201
-2.8321
-1.1297
-2.3845
0.2246
0.3320
0.4719
-3.2301
-1.3987
1.8091
1.3363
-2.5413
2.7204
1.3767
-0.6285
-0.5018
1.1793
0.9352
-2.5054
-1.0231
-0.1492
-1.9528
1.2207
-4.8548
6.7444
-2.0748
-4.8834
-2.5100
-0.2161
0.4700
-1.9081
-2.4918
-2.1684
0.2501
-0.8213
4.2119
2.5240
-2.6285
-0.4619
2.1090
-2.2340
-2.0378
-1.8611
3.4500
-1.9666
2.3931
2.8393
5.5865
-0.8996
-0.3056
-0.7588
-0.1443
-0.2066
-1.1454
-1.9030
0.9476
-1.6407
1.6543
-0.7046
-1.0946
-4.0995
1.1270
-1.3098
-0.5614
0.8727
0.6238
-1.1011
-1.9801
0.5810
2.4779
-0.4421
-1.8370
-0.8177
-0.8271
-0.0062
-0.1426
-0.2149
-2.2815
-2.7063
-0.6788
-0.4855
-1.7823
0.3212
-0.1666
0.8193
1.0762
-0.7911
2.1210
0.3980
-0.9252
-1.8810
-0.5961
-2.9285
-0.8703
1.6604
-2.8671
-2.9580
0.3861
-0.9236
-1.6039
0.6356
-5.3976
-3.8509
-3.2373
2.3403
0.8475
0.4447
-4.5974
0.8580
-0.2267
-0.8482
-2.4034
-0.2339
3.0296
-1.3359
-1.5675
-2.8029
0.8660
-3.0930
5.9870
-1.5434
0.0923
1.2363
-1.0740
-3.2903
-0.9645
-2.1786
1.2992
-0.0908
0.9328
-3.2612
-0.2445
2.8302
-2.1463
-2.9065
-2.3332
0.8654
1.5921
0.4610
2.7588
-0.0543
-1.2889
-2.7977
-4.9177
-1.0105
-2.5996
1.4836
-0.9843
0.4182
-0.7573
-0.9628
0.8528
-2.8415
-2.7367
-3.0228
1.8391
2.7372
-0.6921
0.4035
-2.0844
1.4765
3.0390
-1.3866
0.5891
3.8697
-4.9992
-0.1961
-4.5304
-3.7996
1.6185
4.7226
2.9742
-1.1259
-3.0194
-3.2567
-1.6639
-1.5682
-2.2197
-1.9087
-0.0965
-2.3065
4.4403
-5.1189
-0.7826
-0.6406
3.6070
2.3531
4.7706
-1.8899
1.7697
-1.1880
-1.0463
1.6878
-1.1901
-0.5579
1.3279
-0.3133
0.2953
1.0155
-2.8148
-2.2115
-1.5430
-0.6536
-1.5676
-2.3247
-0.2407
-1.1444
-3.5655
2.1066
-0.8419
-3.5479
1.3284
-1.9158
-0.5393
0.4455
-3.0565
-0.1667
0.6414
0.8153
-0.6817
-0.7059
-1.6828
0.8981
4.3888
-1.1167
-0.3970
0.0724
-0.5302
1.0225
-1.8971
0.8940
-0.1395
-0.8722
-0.0232
1.0882
-3.8429
0.1245
-2.5634
-0.4689
4.2961
-5.9406
3.7577
-0.6588
-2.7054
-4.2322
-0.1785
-4.3176
2.8379
1.8836
-1.5354
-1.3445
-0.4000
0.2404
-1.1315
-1.1184
-0.2546
0.5174
2.4983
-0.5438
-0.4257
0.7282
-0.8457
-0.3851
-0.2146
-2.8126
-1.7745
-0.8602
-1.9601
1.0493
3.1503
-4.9946
0.8280
-0.3167
-2.7359
-0.8931
-3.5582
-2.7674
1.5608
-1.7616
2.1566
0.7134
-0.7085
-2.1762
-3.3827
1.0355
0.6753
1.0415
-2.7195
-1.6810
-1.5074
-2.6766
-3.5896
-0.5228
0.6579
2.2324
-2.2967
2.2265
0.5176
-1.0565
0.0053
1.8515
0.1793
-3.4345
-0.1870
-0.2255
-2.3103
-2.9773
-4.2449
8.4463
1.1084
0.3389
-2.1882
-2.5013
-1.5651
-1.0596
-2.2679
-0.1998
3.2213
-0.0574
-3.8540
-3.3228
-4.0970
-3.9797
-2.9623
-4.4606
-0.3334
-5.0803
-0.8455
-3.2499
-1.0579
-0.2733
-0.2668
1.0419
-1.6046
-0.9794
-4.6549
-1.0638
-0.7240
0.1944
0.9835
-1.5460
0.4204
0.6533
0.6038
-0.0445
-0.2077
-1.1791
-3.0954
-1.4426
1.7886
-2.3310
1.4014
-1.5506
-0.0578
2.1580
-0.6659
0.5037
-0.3381
0.7248
0.1006
1.4701
-1.6896
-0.2779
-0.2853
-2.7257
0.4346
-0.1382
-0.2076
2.5888
0.6968
0.5952
0.2866
0.2584
-4.8579
3.8167
-7.3375
-6.5138
3.2626
-1.9519
-1.2611
-3.3019
0.2152
-3.2013
3.4844
-1.2742
-5.2498
-1.6684
-0.0220
-1.4279
3.5830
5.4457
-4.0894
-3.2294
-0.9737
1.4472
-1.2504
-2.5811
3.4302
-2.7753
0.4044
1.8852
-3.2644
-2.2341
-0.9214
-0.8671
0.3424
1.1374
1.1041
-0.7357
1.3704
-3.1186
-0.5429
-1.6461
0.3077
0.6256
0.3707
0.0659
-3.3558
-2.0882
0.8744
0.0134
0.3857
1.2033
0.4036
0.7983
-2.8706
1.4477
-2.5839
-0.2411
1.4842
-2.2983
-0.6246
-1.3224
-0.4848
-1.2300
-0.4410
-2.6181
-2.1574
1.7916
0.0987
-0.0476
1.2002
-0.4020
0.5592


Weights 1->2:
-0.0172
0.6724
-1.8567
-1.1207
0.7489
-0.0952
-0.2699
0.0355
-0.1355
-0.2297
-0.8933
-0.4197
-0.0836
-0.5630
0.2198
0.4800
0.7214
-0.6777
-0.4963
-0.2243
0.5142
-0.5800
-0.3290
-0.5808
0.2888
0.3296
-0.3461
-0.2619
-0.5672
0.1573
-0.2150
-0.2812
-0.6725
0.1423
-0.3315
-0.8138
-0.8847
-0.9296
-0.0245
-1.0102
-0.0429
-0.6876
1.7390
1.0526
-0.7303
0.3971
0.1478
-0.2817
0.0364
0.1509
0.6126
0.3603
0.0862
0.5742
-0.0903
-0.5455
-0.9597
0.6711
0.4097
0.4175
-0.9084
0.5438
0.2446
0.5473
-0.3940
-0.6467
0.3286
0.2658
0.6126
-0.1833
0.1024
0.6064
0.9451
-0.1306
0.4058
0.8930
0.8130
0.8292
-0.0289
1.1807
-0.0360
0.0407
0.0216
0.0345
0.1568
-0.0890
-0.2169
-0.1803
0.0129
-0.0569
-0.0576
-0.1014
-0.0071
-0.0504
0.1602
-0.1049
-0.0398
-0.0514
-0.1924
0.0609
0.0423
-0.0941
0.0638
-0.0841
-0.0156
-0.0998
-0.0532
0.1365
-0.0853
0.0161
0.0348
0.0347
-0.0434
-0.0778
-0.1341
0.0447
0.0694
0.0233
0.0259
-0.0097
-0.0406
0.1757
0.0378
-0.1614
0.0276
0.0652
0.1463
-0.0688
0.0685
-0.1343
0.0837
0.0649
0.0150
-0.1020
0.1297
-0.0055
0.0926
0.0709
0.1658
-0.2080
-0.1342
-0.0783
-0.1054
0.0410
0.1831
-0.1132
0.0966
-0.0180
-0.1336
-0.1243
0.1001
-0.0009
0.0484
-0.0141
-0.0499
-0.1314
0.1067
-0.0893
0.1117
-0.1218
-0.0241
-0.0114
0.0810
-0.0318
0.0482
-0.0493
-0.0300
0.0989
-0.0917
-0.1360
0.0579
-0.1441
-0.1204
-0.0764
-0.0709
-0.0208
0.0605
-0.0303
-0.0112
0.0842
0.0317
-0.1688
-0.0181
0.0323
-0.1319
-0.0604
0.0153
-0.0980
0.0104
0.1522
-0.0943
0.1466
-0.0364
-0.0623
-0.0629
0.1100
-0.0929
-0.0017
-0.0173
0.0685
0.0197
-0.0058
-0.0522
-0.1398
0.1548
0.0609
0.0576
-0.0945
-0.1258
0.0526
0.0249
0.1227
0.0772
-0.0296
0.1345
0.1377
-0.1805
-0.1048
0.1669
0.1451
0.0820
-0.0168
0.0954
-0.1178
-0.0187
0.0299
0.0378
0.0123
-0.1485
-0.1617
-0.2588
0.0799
0.1486
-0.2048
-0.0202
0.1572
-0.1116
0.1309
-0.1096
-0.0591
0.0351
0.0979
-0.0480
-0.0255
-0.1640
-0.0291
0.0170
0.0936
-0.0040
-0.0089
0.1241
-0.0231
0.0328
0.0872
-0.0777
0.0194
-0.0916
-0.0729
-0.0121
-0.1577
0.2285
-0.0122
0.1002
0.0142
0.0251
0.0126
0.0340
0.0777
-0.2253
-0.0848
-0.0599
0.1846
0.0466
-0.0220
-0.1466
0.2088
-0.0849
-0.1108
-0.0751
-0.0821
-0.0405
0.0738
-0.0623
0.2841
-0.0999
0.2082
-0.0724
0.0668
-0.1472
-0.0263
-0.0283
-0.0248
0.0721
0.0624
0.2605
0.1913
-0.0326
0.1229
-0.1644
-0.0200
-0.0287
0.0497
-0.1004
0.0677
0.0319
-0.0543
0.1179
0.1636
0.0720
-0.1320
-0.0305
0.2359
0.0411
0.2228
-0.0349
0.0680
-0.1602
0.1080
0.0395
-0.2130
0.0242
0.0229
-0.1417
-0.0975
-0.0821
0.0650
0.0351
0.0955
0.0693
-0.1079
-0.1563
-0.2044
0.0975
0.1489
-0.0825
-0.0648
0.0479
-0.1267
0.0752
0.0257
-0.1074
-0.0544
-0.0796
-0.2419
-0.0183
-0.1439
-0.0507
0.2011
0.0195
-0.2559
-0.1382
-0.1033
-0.0282
0.0454
0.1200
-0.1865
-0.1091
0.0874
-0.0015
-0.0064
0.0646
-0.0447
-0.0387
0.0802
0.1607
0.2204
-0.1055
0.1309
-0.0970
-0.0142
0.1052
0.0537
-0.1230
-0.0047
0.0668
-0.0268
0.0705
-0.1919
0.0869
-0.1735
-0.1290
-0.0179
-0.0434
-0.1338
-0.1437
-0.0531
-0.1487
-0.0394
-0.1377
0.0547
-0.1684
-0.0425
0.0876
0.0834
-0.0750
0.0730
-0.1522
0.0441
-0.1074
-0.0035
-0.1585
0.0328
0.1241
0.0924
0.0329
-0.0877
0.0040
0.0782
0.0433
0.0859
-0.0674
-0.0457
0.0333
-0.1739
-0.1010
0.0083
0.0009
0.0282
-0.0493
-0.0693
-0.0769
0.0592
-0.0033
-0.0768
0.0221
-0.0818
-0.0153
-0.0307
0.0161
0.1176
-0.0294
-0.0837
0.0877
-0.0911
-0.0278
0.2106
-0.1638
-0.0469
0.1395
0.1387
-0.0634
-0.0343
-0.1196
-0.1859
0.0927
0.1153
-0.0098
0.0184
0.1281
-0.0302
-0.0257
-0.0352
0.1004
0.0779
-0.0795
-0.0498
-0.0146
-0.0893
-0.0046
0.1556
0.0089
0.0260
-0.1769
-0.0121
0.1294
-0.0802
0.0697
0.1153
0.1096
-0.1077
0.1020
-0.0246
-0.0219
0.0906
0.0270
-0.0202
-0.0355
-0.1287
0.0185
0.0342
-0.0117
0.1551
-0.0007
0.1213
-0.1010
-0.0472
-0.0669
-0.0749
-0.0604
0.0720
-0.0222
-0.0341
0.1623
-0.1099
0.0372
-0.1670
-0.1029
-0.0005
0.1552
-0.0259
-0.1516
-0.2199
0.0446
-0.0800
0.1969
0.0023
0.0160
0.1026
-0.1668
0.1264
0.1163
-0.1085
-0.0931
0.0618
-0.2225
0.0529
-0.0590
-0.1253
0.0792
-0.0058
-0.0084
-0.0508
-0.0671
0.0049
-0.0445
-0.0783
0.0366
0.0974
0.0034
0.0099
-0.0090
0.0952
0.0025
0.0574
-0.1200
0.1672
0.0214
-0.0415
-0.0188
0.0226
-0.0908
0.0572
0.0581
0.1188
0.0010
-0.2178
0.2154
-0.0584
-0.0647
-0.2241
-0.2426
0.1715
0.0674
-0.1222
-0.0922
0.0127
0.0143
0.0492
-0.0852
-0.0855
-0.0419
-0.2632
0.0456
-0.0128
-0.0811
0.0207
-0.0400
0.0580
-0.0266
-0.0126
0.0226
0.0882
-0.0586
-0.0598
-0.0966
-0.0680
0.1082
-0.2525
0.0915
-0.0246
0.0750
-0.1521
0.1655
-0.0048
0.1149
-0.0677
-0.0398
0.1129
-0.0603
-0.1447
0.0742
0.0546
0.0332
-0.0444
0.1090
0.1123
-0.1139
-0.1095
-0.1166
0.1383
-0.0575
0.0187
0.1551
-0.0070
-0.2274
0.0975
-0.2004
0.0872
0.2078
-0.0471
-0.2022
-0.0824
0.0601
0.0910
-0.0947
-0.0821
-0.0387
-0.1044
-0.2663
0.1154
-0.0041
-0.0505
-0.0692
0.0728
-0.1687
0.0151
0.0367
-0.1179
-0.0582
-0.2007
0.0929
0.0651
0.2347
0.0567
0.0241
0.0095
0.0103
0.1263
-0.0554
-0.0270
0.0643
-0.0835
-0.0530
0.1161
0.0147
-0.1520
0.0340
0.0339
0.0434
-0.1039
0.0074
-0.1268
0.1431
0.0479
-0.0398
0.0115
-0.0833
0.0127
0.0814
-0.0354
0.1617
0.0655
-0.1588
0.0234
-0.0310
0.0019
-0.1683
0.1686
-0.1609
0.0875
-0.0130
-0.0983
0.0483
0.0736
-0.0061
-0.0762
0.0113
-0.0097
-0.0051
-0.0316
-0.0931
0.1177
-0.0258
0.1194
0.1012
-0.2203
0.0666
-0.0215
0.0282
0.1969
-0.0507
0.1472
-0.0440
0.1169
-0.0466
-0.0656
-0.0380
-0.0323
0.0202
0.0586
0.0704
-0.0575
0.0767
0.0213
-0.0502
0.1563
0.0645
-0.2143
0.0102
0.0329
-0.0778
0.0850
-0.0611
0.1582
-0.0377
0.1524
0.0083
0.0965
-0.1044
-0.0663
0.1078
0.0670
0.2588
0.1389
0.1243
-0.1317
0.0054
-0.0024
-0.0875
-0.1296
0.2299
-0.0387
-0.0928
0.0443
0.0940
0.1061
-0.0632
-0.0493
0.0334
0.0952
0.0689
-0.0231
0.2040
-0.0108
-0.0095
-0.1296
-0.1190
-0.0692
-0.1838
-0.0672
-0.0858
0.1681
0.0618
-0.0461
-0.1168
0.0742
-0.1050
0.0510
0.0398
-0.1260
0.1239
-0.0805
0.1220
0.1387
-0.0862
0.0415
0.1276
0.0092
0.1368
0.0439
-0.0743
-0.0488
-0.0028
-0.0323
-0.0481
-0.1597
0.2032
0.0218
-0.0732
0.0345
-0.0223
0.1704
-0.1190
0.0711
-0.0055
0.0347
-0.0344
-0.0177
0.0358
-0.1341
0.0465
0.0018
-0.0490
0.1164
-0.0635
0.0251
-0.0762
0.2602
-0.0566
0.0103
0.0048
0.1525
0.1048
-0.0412
-0.0179
0.0266
0.2326
0.1033
-0.0395
-0.1690
-0.1506
0.0934
-0.1667
0.0502
-0.0849
-0.0774
0.2073
0.2348
0.0874
0.1009
-0.1589
0.0547
-0.1566
-0.1418
-0.0845
0.0517
-0.0080
-0.0398
-0.0835
-0.0958
-0.1664
-0.1905
-0.1156
0.0631
0.0045
-0.0095
-0.0523
-0.1912
-0.0230
0.1127
-0.0530
0.0294
-0.0469
0.0514
0.0746
0.0377
-0.0367
-0.0413
0.1587
-0.0495
0.1351
0.0536
0.0608
0.0999
-0.0709
-0.0360
0.1562
-0.0022
-0.0511
0.0261
-0.1664
0.1048
-0.0505
0.1518
-0.1250
0.2236
0.0879
0.1157
-0.1842
-0.1348
0.0766
0.0970
0.0558
-0.1939
-0.1007
-0.0902
-0.0245
0.1597
0.1210
-0.0819
0.0015
-0.1935
0.0865
-0.1976
-0.0460
-0.0296
-0.0843
0.0462
0.0595
0.2048
0.0079
0.0027
-0.0062
0.0308
-0.0346
0.1728
0.1764
-0.0358
-0.0482
-0.1449
-0.1607
0.0809
-0.0229
0.0836
0.1066
0.0453
0.1095
-0.0251
-0.0990
0.1088
0.0165
-0.0746
0.1422
0.0534
-0.0388
-0.0802
0.1994
0.0159
-0.0845
0.0575
0.1469
-0.1085
-0.0060
-0.0518
0.0850
0.0696
0.1749
-0.1226
0.0411
-0.0820
-0.1369
0.0159
0.1570
-0.0362
0.0198
-0.0685
-0.1558
-0.0326
-0.0239
-0.1288
-0.1384
0.0638
0.1031
0.0217
-0.0269
0.0184
0.1775
-0.0503
0.0511
0.0970
-0.1551
-0.0582
-0.0208
0.0509
0.0053
0.0274
0.0867
0.0581
0.1190
0.0106
-0.0493
0.1026
-0.0179
-0.1538
-0.0412
0.0396
0.1202
-0.0554
-0.0196
-0.0965
-0.1147
-0.1126
0.0735
0.0467
-0.0712
-0.0073
-0.0429
0.0993
0.0691
0.0176
0.1417
-0.0137
-0.2066
0.0420
-0.1169
0.2219
-0.2140
0.1620
-0.0921
0.0429
0.0774
-0.1378
-0.0000
0.1727
0.1266
0.1204
0.0938
0.0669
-0.1156
0.0266
0.0971
0.0811
-0.0339
-0.0744
0.1062
-0.0632
-0.0899
0.0831
-0.1448
-0.0046
0.0213
-0.0255
-0.0586
0.0154
-0.0616
0.0935
0.0026
0.1518
0.0030
0.1643
-0.0216
-0.1772
0.0597
-0.0110
0.0836
-0.2301
0.0684
-0.0270
0.0506
0.0857
0.0047
0.0048
-0.1329
-0.1423
0.0022
0.1069
0.0084
0.1170
0.2158
0.0600
-0.0550
-0.0079
0.2758
-0.1625
-0.0074
-0.2206
-0.2085
-0.0686
-0.1491
0.0531
0.0022
0.1766
0.0990
-0.0707
-0.0437
-0.0364
0.0212
-0.1026
-0.1346
0.0758
-0.0859
-0.1147
0.0939
-0.0927
-0.1169
0.1236
0.0356
-0.0724
0.0166
0.0186
0.0934
0.0862
-0.1110
0.0778
-0.0101
-0.0821
-0.0588
-0.0486
-0.2201
-0.0223
0.0978
0.0423
-0.1120
0.0337
-0.0913
-0.0307
0.0791
0.1593
0.2073
-0.0115
-0.1214
0.0919
0.0135
0.0374
-0.0291
-0.0031
-0.0608
-0.0668
-0.1934
-0.1240
-0.1401
-0.0481
0.1379
0.0072
0.1373
0.0183
0.0679
-0.0726
-0.1519
-0.0899
-0.0089
-0.1113
0.1453
-0.0512
0.2330
0.0064
-0.0615
0.0084
-0.1246
0.0468
0.0110
-0.0532
-0.1541
0.0218
0.0120
0.0873
-0.0553
0.0233
-0.0437
-0.1497
0.0813
-0.1909
-0.1143
-0.0510
-0.0938
-0.2054
-0.0674
0.0880
-0.1117
0.0815
-0.1223
-0.0318
-0.0586
0.0427
-0.0791
0.1089
0.1131
0.1721
-0.0058
-0.0451
-0.1992
0.0432
-0.0714
0.0031
0.1883
-0.0037
0.0144
-0.1127
-0.0618
-0.1764
0.0936
0.1296
0.0406
0.0123
0.0937
-0.1090
0.0988
-0.0503
0.0317
-0.0670
0.0353
-0.0839
0.0437
0.0594
0.1059
-0.1959
-0.0372
-0.0048
-0.0267
-0.0086
-0.0956
0.0130
-0.1395
0.0755
-0.0389
0.0055
0.1052
-0.0256
0.0005
0.0217
-0.0386
-0.1866
0.0072
0.0833
0.1542
-0.1864
0.0524
0.0696
-0.0853
-0.0806
-0.7328
-0.9225
3.0805
2.6254
-1.2100
-0.0409
-4.0766
0.1363
0.4116
1.1502
0.0250
2.1203
0.5214
-4.6439
-0.4896
-3.4488
-2.6645
1.0841
3.6240
2.1345
-4.3315
-0.9770
-3.0705
0.3359
-3.9673
-3.8653
0.0925
2.6389
1.2031
1.9033
0.2514
-0.1407
0.4680
-3.0960
2.4864
0.3508
2.0838
2.4369
1.6154
2.9476
2.5108
1.1167
-0.4992
0.0613
0.2780
3.3234
0.7691
2.9272
2.1923
1.1331
0.4151
1.8816
-1.7233
1.0417
1.9649
0.1172
5.3355
-3.5885
0.5670
-0.6673
1.6762
-5.2159
1.3249
0.2414
0.2564
1.1941
-0.4147
2.1791
2.6178
0.0268
1.6532
2.0301
0.7871
-1.4437
-1.7684
-2.7100
0.8530
1.3755
-3.2409
0.2257
1.6361
2.2853
-0.9550
1.0646
0.0971
-1.2821
2.1134
-3.2657
-5.4301
-2.9044
-1.3121
-0.1227
2.8909
0.6372
-0.3742
-0.5392
-3.3811
0.9743
2.6880
-0.5914
0.8433
-0.3885
1.3225
4.9245
1.9703
0.5680
0.6098
-1.9021
1.5912
2.2180
-1.5267
0.4042
0.2132
1.6635
-0.5286
1.3882
2.8577
4.7628
1.5941
1.0247
0.3396
3.2020
-0.1509
0.9131
1.6537
1.0716
1.9045
1.7243
-1.1704
2.2280
-0.4368
2.2270
-1.0197
1.9171
0.4513
-0.2745
6.6205
-2.4072
0.7837
-0.8070
-1.4314
-0.1956
3.5586
-0.4058
2.0590
0.3956
0.2882
1.5468
0.8508
-1.4654
1.9551
0.9168
-1.6463
-0.1637
-1.3522
-2.7048
-0.9633
0.4723
-3.3672
0.7647
1.2353
1.2391
-3.1061
2.0397
-3.5680
2.0878
0.9863
0.5872
0.3800
2.4021
1.3797
0.6729
-1.7912
3.8396
0.1938
1.5667
4.6798
-0.4126
-1.4958
-0.7822
-3.2274
0.9772
-0.5528
0.3591
2.0811
0.6551
3.1464
0.5758
0.8951
-2.3813
1.5819
-0.0971
1.6658
-0.0105
0.5688
0.1192
2.6890
1.6223
-5.3554
2.0002
1.5302
1.0159
0.5953
2.2875
1.4846
1.9765
0.8168
1.0604
-1.1930
0.9591
-0.1435
1.9720
0.4198
1.9272
1.3344
-0.5028
5.0890
-2.2845
0.2303
-2.5169
-0.1906
1.1991
0.1939
0.9562
2.7813
1.0265
1.6884
2.2258
1.4644
1.8829
-1.8059
-0.9688
-0.9787
-0.1446
-0.7887
-0.6072
-0.5556
3.2466
-2.7624
0.1231
0.4776
0.3639
-2.3538
0.9171
2.7646
-1.2533
2.0863
-2.4816
0.7083
0.1819
2.6991
0.3272
-3.1839
-1.7357
2.1238
4.6227
1.3038
-0.3344
-1.2013
1.1406
-1.7514
-1.2879
2.1306
-0.7377
0.4329
-3.3910
-4.7897
-0.2441
-0.3168
1.0311
1.4696
2.7686
-3.4920
-1.5318
-2.7594
0.1427
-0.0774
-1.5724
1.9481
4.3890
-1.1820
2.2742
2.5472
-0.2534
0.9180
-1.7917
0.4594
-3.1650
0.7117
2.5110
-1.4527
1.4669
1.0548
0.7025
-0.2489
2.9380
-1.9167
2.8084
0.0164
1.9821
0.3894
1.1100
-0.1381
1.2189
1.3365
0.1437
0.5725
-0.0349
1.1569
-0.0259
2.1344
2.8756
-2.1556
-0.6316
-0.4800
0.5364
1.3820
1.3306
1.9185
-1.4578
0.0625
-0.4043
2.9827
1.2458
0.3823
-1.1595
2.6261
-0.6133
-0.8560
-0.1417
-1.3259
1.3502
-1.3126
-1.4529
-0.3532
-3.3982
-2.2236
3.1869
1.7413
0.1906
2.1075
0.4541
-0.1064
-0.5170
-0.1796
-0.7526
1.0587
1.9284
1.4770
1.4185
1.3861
1.9646
-1.4402
1.5177
1.6910
1.3847
1.1889
-2.6237
1.2817
0.5044
-0.3888
-1.1500
1.2292
-1.8462
-0.5857
1.4166
1.3977
2.2243
-0.1887
2.6839
0.5521
-2.9487
-0.7398
0.3366
-2.4978
2.8718
4.8172
0.0643
-1.1419
1.3862
2.7264
1.0035
1.3394
0.8358
-0.8457
-0.8581
-0.9017
0.8974
-1.5408
1.5132
-0.0168
3.1484
0.6478
-0.4900
-1.0061
-2.3829
0.7619
1.1293
3.7430
0.3318
1.2085
-3.1351
0.5193
-3.1163
1.5104
-0.4489
1.9867
-0.5389
-0.1763
-2.1779
-0.5042
-1.6173
1.1880
0.7039
-0.5987
0.5185
-3.7426
-0.2516
1.7099
1.0545
-0.0393
2.6063
-1.8113
-0.6744
-1.1525
0.4374
3.1541
-1.5820
-2.2540
1.3535
1.0507
2.1460
2.1535
-0.2145
2.3283
2.0100
1.5724
-3.1158
2.1057
-1.7128
3.4642
1.0666
0.6725
2.4661
1.3227
1.5556
1.3932
-0.4279
0.6591
-0.6674
1.5472
-2.1857
-0.3391
2.0101
-2.3700
2.7628
1.1525
-1.1253
-0.7546
2.3688
-0.0231
2.0389
0.6625
0.7849
-0.0069
1.1366
-2.3661
-0.5033
0.8967
3.7947
0.5213
-1.9925
1.5956
-1.1515
-2.2369
0.6609
0.2380
1.1387
2.4342
0.3096
0.5280
1.7922
-1.7975
-1.6195
0.5584
0.4991
0.4636
2.1852
1.3642
0.4080
-0.3099
-0.5490
2.2661
2.3278
1.6889
0.2919
4.3629
1.7550
-3.3732
-1.6976
-1.0278
-0.3538
0.8593
-2.2036
0.1623
2.2131
1.2444
0.1655
-0.5699
-0.0143
2.4908
-0.7854
-2.9609
4.3666
2.3531
3.2187
-0.6435
0.1601
-0.2986
0.5992
-4.8066
2.0857
-1.7684
2.8641
-0.7275
-1.6597
2.6655
-0.9245
2.8091
-0.5616
1.2088
-1.4805
-0.1845
1.0093
0.1128
1.3832
1.7553
1.7975
0.1557
1.0411
0.8416
1.8781
0.2762
1.5951
-0.2110
1.5874
-0.2601
1.2089
-0.3387
0.8032
-1.9383
-0.9043
-3.5301
1.6795
0.4853
-1.1852
-3.8696
0.4456
-0.1131
-1.1989
-1.6511
-4.2326
0.3487
-0.2648
1.9235
-2.2396
1.4492
-0.4874
0.6220
-0.5783
3.4102
0.6035
3.0006
0.4511
3.8328
-0.7612
-2.3698
-0.2793
-0.1065
1.8461
2.2055
-0.0292
-0.4080
-1.9502
-0.5383
-1.6508
-1.1111
0.2479
-0.5805
0.8654
1.3750
-0.4674
2.3585
-3.1968
2.7984
0.1717
-2.1091
0.1353
0.8884
-1.6859
-1.4534
1.2411
-0.2077
-1.6840
-1.8636
1.3741
2.1683
-0.8417
-1.8728
-1.3772
2.3192
-2.6458
0.2316
-1.1959
-0.9434
0.8123
-0.1548
-0.6843
0.4106
3.0838
2.4162
-2.0286
-1.8187
2.4976
-0.9372
1.1270
0.0868
-0.6859
-1.2344
-1.5812
4.9193
1.6860
-1.1405
0.3119
-2.3410
0.5771
-0.5130
-1.3924
3.2550
1.8487
2.3985
-1.3861
1.2802
0.8537
-5.1154
2.4832
0.0623
3.2469
0.1982
-0.3003
-1.7756
-1.0001
-0.2326
-4.0087
1.4148
-2.1251
2.2300
-0.4257
0.8281
-4.7536
-2.9037
1.9398
1.8978
0.9883
2.1309
2.3651
2.7146
0.7669
5.5991
-3.4403
0.4744
-0.8423
0.5522
1.0867
2.1799
-0.9298
-1.3960
1.3664
-0.8787
-1.3533
-1.0955
1.1670
1.5818
0.3145
-0.5330
1.5738
2.0243
-1.2545
0.0360
0.7077
0.0948
2.6263
1.0874
-2.4579
1.4839
-1.9970
-1.7935
-0.3216
-0.8372
0.3953
0.7652
2.3806
0.1881
-2.6597
-0.8133
1.0570
0.0702
0.3025
-0.0243
-1.1143
-4.5060
1.2766
1.2093
1.9073
0.3898
2.3752
2.4254
0.0556
-0.0342
-1.3061
1.2501
-0.5249
-0.4539
2.5665
-0.7455
-4.1783
1.3945
-0.4665
3.0409
-1.4010
-0.6689
-0.7773
0.3474
-0.4797
-0.7122
2.4793
-4.7672
3.0483
1.6312
0.0684
-0.7006
-1.4204
0.5786
2.0387
0.1431
0.5702
1.4437
-1.0111
1.0185
-0.7529
-0.9980
-1.7654
1.1030
0.3762
3.1298
1.8746
0.3551
-2.9907
0.2113
-1.1416
0.5833
1.8263
0.4129
-2.3737
-0.3747
-2.3896
1.3434
-2.3239
0.7131
1.5938
1.1000
1.5114
1.8265
0.5186
0.5664
0.5211
-2.4346
3.7998
-0.1449
1.5562
-0.1411
2.3754
-1.9099
-2.2333
-0.5875
3.8253
-1.0262
0.5730
-0.7524
-1.4948
-1.6893
-0.7400
-1.0597
-1.7678
-0.5678
-0.4123
-1.3265
0.3542
0.1978
0.2810
0.3250
0.6586
0.3468
0.7614
1.5715
0.8534
1.5842
2.1993
-0.7464
1.9306
0.3637
1.8942
1.1012
-0.3531
-2.0822
-1.8673
-2.8561
1.2181
-1.5417
0.8801
0.2463
-1.2122
-1.6674
-1.1185
0.3928
0.6773
0.2522
0.6526
-0.9451
0.3853
0.6576
-1.2977
-0.6790
-0.4062
-0.3295
-0.6416
1.8217
-1.1333
1.8474
-1.5000
-0.1480
-0.7995
-5.4650
0.5920
2.3784
3.1320
0.4154
-0.8242
2.8451
-2.9740
0.8300
-3.0271
1.6414
1.8530
0.5240
-1.9174
0.3945
-3.0064
0.3983
-1.5104
2.7341
0.4336
0.0222
-2.8006
-0.3240
-2.7563
1.3958
-1.9492
-3.5083
-1.5158
-3.8957
1.4998
3.4894
3.0939
-2.4256
3.2431
-4.7699
-2.6512
1.3823
1.7004
-1.4944
-1.6192
4.5251
-2.6427
0.1562
0.5832
-2.7429
2.2018
-0.6344
2.3607
-2.7028
1.8212
-0.5642
-1.4663
-0.2860
-2.9184
-2.5520
2.7360
3.0983
-0.1661
-1.3124
-3.5331
-2.6735
0.8228
4.4669
-3.4289
-1.2579
1.5401
-0.7244
1.7308
-0.3625
-1.8317
1.2371
-2.1754
-0.0824
-3.3491
-1.1049
0.4620
-1.5381
1.1796
-0.8723
0.2643
0.3120
-1.3003
-0.8655
-1.7075
0.3396
0.7562
-1.2002
-0.3715
0.7402
-2.0470
-2.6135
1.4854
-1.6470
2.8723
-1.3258
0.0303
-0.0732
0.1092
2.0818
4.5080
1.2642
0.1604
-0.0821
1.8339
-0.0162
-0.0264
-0.4423
-0.0544
-1.1278
-2.2412
1.0186
2.0029
1.0955
1.5152
0.1963
-2.2516
0.2685
-2.7797
-1.3280
0.1710
-1.2220
-1.0486
-0.4259
-0.6551
0.6954
-0.5581
1.4897
-1.6727
-0.1070
-0.8319
-0.3972
-0.1782
0.1815
-0.9430
-0.8802
-1.1114
-1.4370
0.5019
-0.3107
-2.0951
-1.0711
-0.5069
-1.1670
-0.7061
-1.6543
0.2312
-0.3404
-1.3749
-0.2567
-1.3856
3.0867
1.7101
-1.0680
-1.3599
-1.2429
-1.4371
-1.0908
-0.5096
-1.1808
-1.1048
1.4680
-0.1790
-0.4910
-0.5731
-4.3476
1.7045
-0.6934
-2.4143
-0.0733
-1.6944
-0.3782
0.0591
-1.0244
0.8024
-1.1594
-0.8271
-0.4162
-1.1844
-0.0281
0.3894
1.9944
-0.5484
-0.8785
1.1935
-0.2957
-2.2432
-1.6819
0.4168
0.9603
-0.8887
2.6498
2.3140
-0.9074
-1.1478
-0.8747
0.1933
-1.1374
-1.5531
0.0699
-1.1722
0.4654
-1.3167
-0.8465
-0.3860
-4.2372
-0.3203
-0.4854
0.5232
-1.4296
0.7754
0.9290
-0.1797
-0.7056
-0.6953
-1.1101
-1.2249
1.1316
-0.1633
-1.2842
0.3824
-1.3580
0.0260
-1.6579
-2.3995
-1.2433
1.1467
1.4154
0.5658
-0.7787
-0.3843
-1.8155
-1.5803
1.6462
0.3264
0.3828
0.6463
-0.0942
0.4150
1.3901
-1.0731
-1.0862
-0.7206
-0.1765
-0.6008
-0.3120
-0.1166
-0.9210
-0.8882
-0.2690
0.9701
-0.9709
0.0120
-0.2304
-0.5747
-0.3757
-0.5867
-1.0191
-1.9864
-0.0361
-1.0068
-0.2376
-0.2174
-0.1615
0.6254
0.9661
-1.4495
-0.7059
-0.2688
-0.4385
-1.2317
-0.3358
-1.1151
-0.5091
-0.7974
1.4741
-0.8875
0.3740
0.5721
0.2198
-1.1825
-1.5110
-0.8526
2.2625
-0.8011
-3.9252
-0.7841
-0.8923
-0.2612
-2.0012
1.0890
-1.5613
-0.5141
0.5481
-0.4858
-0.7911
-1.1135
-1.2468
1.8478
2.7192
-0.9093
-0.1115
-0.2386
0.5653
0.0866
-0.4599
-2.4923
-2.6838
-1.7060
-1.2612
-0.0045
-0.7038
-0.6488
-0.5279
-0.6094
1.1715
0.2790
-0.4470
0.9379
-0.9586
-0.7263
-0.6624
-0.5734
-0.4586
-0.7052
-3.8952
-0.6001
-0.5474
-0.9893
-0.8922
-0.9953
-0.6683
-0.3940
-0.7025
-0.6210
-0.5944
-0.7388
-1.3341
-1.4672
-0.6997
-0.9373
-0.6669
-0.5419
-1.9127
-0.8113
-0.6565
-1.4423
-0.8509
-0.7641
-0.5354
-0.8402
-0.5990
-0.7742
-0.6256
-0.7405
-0.8395
-0.8017
-1.2794
-1.0110
-1.0564
-0.7123
-0.7686
-0.6318
-0.3412
-0.6354
-3.9117
-0.4719
-0.4521
-0.9958
-0.8150
-0.8631
-0.7314
-0.5144
-0.6553
-0.5489
-0.4604
-0.5217
-1.4438
-1.4578
-0.8098
-0.9835
-0.7306
-0.5835
-1.8779
-0.9226
-0.6461
-1.3788
-0.8109
-0.7763
-0.7033
-0.6473
-0.6564
-0.8928
-0.4982
-0.7432
-0.8738
-0.5477
-1.2323
-1.0663
-1.1623
-0.7987
-0.5667
-0.5339
-0.6435
-0.5209
-3.8809
-0.5161
-0.3204
-1.0083
-0.8872
-1.0255
-0.9379
-0.6071
-0.7080
-0.6566
-0.4786
-0.6785
-1.3608
-1.5066
-0.7279
-0.9802
-0.4735
-0.4901
-1.8955
-0.6161
-0.5300
-1.2726
-0.7861
-0.9018
-0.7426
-0.9854
-0.6093
-0.8275
-0.6581
-0.6769
-0.8111
-0.9411
-1.3785
-0.9397

Direct connections:
