version: 10
file format: 0

training data file: ../subwords/english/32.txt
validation data file: ../subwords/english/32_test.txt

last probability of validation data: -17295.828345
number of finished iterations: 11
current position in training data: 0
current probability of training data: -17247.974737
save after processing # words: 0
# of training words: 111345
input layer size: 80
hidden layer size: 50
compression layer size: 0
output layer size: 62
direct connections: 0
direct order: 3
bptt: 5
bptt block: 10
vocabulary size: 30
class size: 32
old classes: 0
independent sentences mode: 0
starting learning rate: 0.100000
current learning rate: 0.003125
learning rate decrease: 1


Vocabulary:
     0	       781	</s>	0
     1	     21350	â–	0
     2	     11009	e	1
     3	      8691	t	2
     4	      7301	a	3
     5	      6756	o	4
     6	      6154	i	5
     7	      5983	h	6
     8	      5753	n	7
     9	      5359	s	8
    10	      4388	r	9
    11	      4043	d	10
    12	      3977	l	11
    13	      2803	u	12
    14	      2230	w	13
    15	      2092	g	14
    16	      2000	c	15
    17	      1911	y	16
    18	      1735	m	17
    19	      1618	f	18
    20	      1214	p	19
    21	      1174	b	20
    22	       944	k	21
    23	       874	'	22
    24	       672	v	23
    25	       170	q	24
    26	       107	x	25
    27	       105	-	26
    28	        91	j	27
    29	        60	z	28

Hidden layer activation:
0.0005
0.0020
0.9983
0.0123
0.4249
0.0015
0.0001
0.0111
0.0033
0.0007
0.0000
0.5080
0.0011
0.0287
0.0767
0.0000
0.0000
0.2386
0.0054
0.0075
0.0255
0.0041
0.0339
0.0001
0.0096
0.0002
0.0001
0.0377
0.6357
0.0007
0.0007
0.1535
0.0011
0.0005
0.0056
0.7583
0.0000
0.0342
0.0193
0.1550
0.0000
0.3840
0.0004
0.0000
0.0000
0.0068
0.0053
0.0291
0.0016
0.0017

Weights 0->1:
-0.0795
1.2028
-2.4818
0.4015
-0.0057
0.4549
0.2378
-2.5749
-3.9421
-0.1873
2.2146
-1.9872
-0.8777
0.8714
-2.4189
-1.7702
-1.6613
-0.9399
-2.3604
-1.3515
-0.5944
0.8547
-0.9371
-1.9059
-1.7151
2.4784
-0.3430
1.5994
-0.5152
-0.3603
2.8073
1.5109
-1.7921
-1.3772
0.2173
1.1279
-0.0134
1.2772
1.1148
0.3436
0.4189
-3.0689
0.5968
0.0566
-0.7732
-0.7679
-2.8010
-1.5271
-1.9501
-2.8557
1.4116
-3.4246
-4.8210
-2.6704
-1.7444
-3.3416
-1.4828
-1.5356
-0.9281
0.0979
-2.0138
-2.9645
0.0704
-0.3525
-1.4823
-0.8095
0.8388
1.5654
-1.6574
1.0128
0.0182
-1.7958
-0.9014
-1.2641
-0.7766
-0.3407
-0.5519
-3.5568
-1.5616
0.7555
-0.3506
-3.2793
-0.6165
2.3217
-1.4462
2.3078
-3.3972
-0.4571
-3.7901
-2.7047
-3.7515
1.7192
1.2064
0.0068
-3.7335
-1.8285
4.5804
-1.4434
0.0120
0.9654
0.4575
2.3159
-0.7679
0.6111
-1.0975
-0.1938
-0.1921
0.4503
-0.3279
0.2023
-1.1470
-2.2953
-0.9698
-1.3018
-0.4762
3.3368
-1.7559
0.1025
0.3184
1.2886
-1.3545
-1.7797
0.2562
-0.3826
-1.1223
0.1986
1.4972
-1.8807
-3.5272
-0.1991
-2.0501
-2.2387
1.5161
-0.0217
-2.1649
-3.1708
-1.4263
-3.6335
-0.7425
-0.2259
1.6279
1.1662
-2.2134
1.3554
0.5117
-1.1738
-1.5353
0.4137
0.6446
-0.2797
-0.8227
-0.6364
-3.4784
-1.7793
-3.7290
-1.6681
1.3275
-1.1635
-2.0907
-1.7265
3.3765
-11.3499
0.2984
0.6582
-2.8279
-7.1336
-4.5372
0.2034
1.6815
2.6137
-0.8132
-1.9441
-1.8036
-2.6347
-0.2241
0.3048
1.5220
3.8779
0.1709
0.5960
1.5158
-2.2813
0.4184
-5.7489
-6.0035
-2.7059
2.2048
-4.5913
-0.6911
-4.0799
-0.0651
-0.1198
-0.0609
0.9513
0.8777
0.1983
2.7399
0.3709
1.4357
2.7673
-1.0171
3.5505
-0.0815
2.7152
0.7348
-0.1591
-1.5588
-1.2924
-6.3424
0.3513
-1.0461
0.3023
0.9311
-0.6780
-0.1319
-0.8372
-0.5190
0.1454
-0.5357
-1.4622
-1.7525
-1.6293
0.8493
-0.5232
2.3128
-1.3256
-1.9819
-1.5006
-0.0795
0.5497
1.4702
-0.5987
0.1853
3.8001
1.7335
1.0517
0.8275
2.6513
2.2916
-2.3828
0.0259
-0.3773
2.6794
-3.3754
-0.8327
-2.0503
-1.6518
-2.2289
1.1334
3.8775
0.2202
1.9036
-1.5099
0.0270
-2.0237
0.2589
-1.5854
-1.2725
-2.0018
-1.5012
-2.0618
1.5242
-1.0518
-0.3359
1.0225
-0.5218
-0.3400
0.3186
-0.1358
-0.3646
0.0989
0.5803
-3.1110
-0.9635
0.2574
-1.1440
-1.1452
-3.1387
0.5360
-0.0937
0.5716
-1.5996
-0.3623
-2.3707
0.5329
0.2347
-2.9175
2.5573
-5.8323
-2.1266
-0.8367
-2.4378
-1.1315
1.4419
0.9640
-2.6033
-0.4842
-2.6198
-1.9182
-1.0646
-1.9109
-1.6707
-1.3882
-1.8263
-0.2794
0.4321
-1.9441
1.2411
-1.5787
1.3000
-0.9988
0.2659
-0.3599
-1.8760
0.8739
-2.2421
2.5262
1.1301
-2.8232
2.2037
-0.1890
-4.1230
-1.4668
-2.4800
-1.8995
0.8015
-2.7529
1.2690
1.6034
1.7676
-1.9314
1.7883
-4.3737
-1.2510
-0.5372
-1.2173
2.2050
-2.1171
-1.6644
-2.8186
0.3478
-0.5544
-1.0986
-0.8051
-0.0817
5.3981
1.6389
1.1332
1.0744
-0.8421
2.1332
-0.7077
-3.1666
-0.0620
0.0862
-1.1027
-0.3007
-0.4097
-0.3147
-0.7311
-1.7443
-1.8325
-4.2411
1.0720
-0.8520
1.1030
-3.0346
0.7092
-4.8087
-1.9220
-0.7870
-0.3193
-2.5331
-1.1701
0.3357
-2.3002
-0.9461
-1.0216
-0.5480
-2.3859
-1.2911
1.7046
-0.1872
-0.8350
2.5510
3.3454
1.1320
-1.6440
-1.0110
-0.8185
-0.5557
-0.5008
-0.1716
-0.9510
-0.0709
1.1867
-1.4442
2.4282
-1.6992
-2.7247
1.6627
-3.3326
2.8915
-1.2466
1.2204
-0.5579
-3.4895
-0.1872
-2.1611
-1.3080
-2.7968
-0.0996
-1.3664
-1.2599
-0.1008
1.7683
-0.9649
-0.6729
1.3462
0.7845
0.1756
-0.6437
2.2099
-1.0362
-3.1653
-0.4089
-0.6926
0.0170
0.9036
-0.2795
2.8396
-0.6252
-2.0359
0.3267
-2.7062
-0.8306
0.2010
-2.4218
0.8807
-0.5886
0.3712
-1.9920
-4.2408
-2.2881
0.2546
0.3866
-0.6985
0.7169
-4.4734
-0.9397
0.1489
-1.0181
-5.4334
-1.4597
0.4746
-2.7755
2.1261
0.2008
-2.4321
1.1930
-2.5577
-0.9482
-1.0312
1.1471
-4.3455
-3.4476
0.5210
1.0241
-1.5393
0.7887
0.7361
1.7557
-1.0450
0.5060
-1.6530
1.9629
-0.7349
-0.9797
0.5211
-0.2917
-0.4588
-4.4141
-2.0192
-3.9093
3.7643
3.5028
-1.7366
-1.4155
-1.0652
1.5764
-4.6400
-3.7031
3.2245
-0.8533
-3.6199
-1.8662
1.0901
-2.9734
-1.3550
-3.2515
-0.8008
-0.3565
-0.4415
4.8016
-2.5746
1.3155
-1.3814
-0.2114
0.4695
-0.8394
0.2508
-0.2911
-1.9485
-1.3732
2.3559
-1.4660
-0.6944
0.6009
-1.3037
0.2434
-1.2379
-0.6512
-0.3059
-4.8380
-0.5174
-4.3088
2.5367
1.0993
-5.8298
-4.2430
0.5558
0.2443
0.2897
0.2068
-0.2470
-3.9560
1.8092
-0.0023
0.9508
-0.0789
-2.4010
0.2775
1.2997
0.2372
0.1044
0.7285
-5.3648
4.1247
0.9657
-0.0651
0.6142
-1.5769
-2.1802
3.1373
-2.8022
3.3627
-1.3693
-0.0318
-0.8311
-2.9488
0.6667
-1.8162
-2.4199
-1.2691
-0.5328
2.1636
4.7437
-1.7463
1.7136
-0.3188
-0.6515
-3.0645
-1.9889
0.1418
-2.2247
0.2449
-1.8841
0.7213
-1.0929
-2.9369
-0.9822
-2.3493
-1.8063
0.2370
-2.2997
2.0486
-0.3957
0.2622
1.8115
-0.3158
-2.4617
-2.1511
-5.1128
-0.3108
-1.3870
-0.0600
-0.4635
-1.0440
-0.9883
-0.4365
-0.2045
-2.2344
-1.2017
-2.3541
-1.9635
-3.5948
-1.7820
0.0646
-0.2490
-0.8375
-1.5945
-1.6337
-1.2697
1.2252
-0.0169
1.1662
-1.2475
-0.7044
1.5369
1.2707
-1.5948
1.5478
-2.3900
1.1929
-3.0062
-1.3117
-0.0084
-2.8067
-1.3210
-2.0297
0.5905
-0.3999
-2.8588
-0.8870
0.4803
0.4620
-0.5445
-1.9445
-1.2904
1.6971
-0.0882
-3.2471
1.8426
-1.8695
-5.5373
-2.9136
1.3421
0.2819
-0.5891
-1.8556
0.3167
-1.2293
4.8688
-2.3534
-1.2203
-3.1110
-2.1139
-0.7847
3.3998
-3.0419
-1.0001
-2.3184
-2.1754
-1.0722
1.5358
-2.2541
-0.0125
-0.7235
1.4813
-0.2040
0.7764
0.1815
-1.2348
-1.2785
-1.0653
-3.3598
-2.5831
0.2971
-0.6514
0.3208
1.4765
-1.6012
-0.3068
-1.3917
-0.5629
-1.6370
-0.8267
0.0663
-0.3300
-2.2202
-0.2537
0.0286
-3.4937
0.8579
2.7201
-0.0489
1.2011
-1.7335
-1.1543
1.1229
0.5123
-0.0418
-5.2339
-1.5328
2.8846
-0.4460
-1.3432
-1.5321
2.0742
2.2519
-2.1472
-1.5487
0.4956
0.5709
-3.8584
-0.1921
-0.4009
-1.3248
-2.7284
-3.3445
2.6275
-4.5409
-1.7951
0.2121
-1.4878
-2.5870
-1.7871
2.7538
0.5474
0.6208
1.0241
-0.7042
-3.9828
-1.0585
0.1249
-0.3481
0.3702
5.4144
-0.0394
-1.5471
0.1925
-3.5419
-1.6259
5.7291
-0.9207
-0.4303
0.0406
-0.9688
-0.9835
-1.3829
-1.8152
2.4250
-2.5711
0.7470
-0.7256
-0.0271
-2.1660
-3.9764
-2.6761
-0.8673
-1.3224
0.3811
-0.1613
-0.5218
3.2428
1.8046
1.6338
0.7268
-4.0134
1.0055
-0.9615
-1.8374
-5.4463
-1.2444
-0.5623
-0.7573
1.1699
-0.9704
-1.6065
-0.9773
-2.9798
-2.3175
-0.7639
0.4016
-1.6555
0.7775
1.6479
2.5089
0.6101
0.1663
-0.4670
-2.0088
-0.2859
-1.4634
-0.4435
0.5141
-1.8868
-0.0143
-1.3338
-1.8029
5.0067
-4.1413
0.4410
-0.7304
-4.9596
-2.4403
1.7120
0.8651
-3.2434
-3.4022
-2.5785
3.7574
3.8503
1.2573
-2.7637
0.4670
-2.2989
-2.8790
-0.0859
-0.1412
0.0240
0.5571
-2.0079
2.7669
-2.4817
-0.5152
-2.3428
-1.3754
-0.1370
-1.1951
-1.3160
-3.1893
-0.4031
-2.6935
-0.5388
-0.0410
-1.9314
-0.5208
-1.5606
-0.5894
0.4035
0.9991
-1.0928
-4.1359
0.4874
0.1416
2.3076
0.3487
-3.3332
0.1683
-2.3847
-0.8229
0.2106
-0.5696
0.1961
-2.4563
-1.1635
-0.6668
-0.1668
-2.0290
-1.9146
1.1737
0.7268
-3.1579
-3.7289
-4.3551
-3.8562
-0.6574
-1.1633
-1.5815
-0.3575
0.8113
0.1870
1.4451
-1.0048
-0.9773
2.9299
0.1171
-0.2772
-0.3003
-0.6181
-5.3141
3.8253
-1.9810
4.4569
1.9461
-1.0221
-3.4368
3.7570
-0.5783
1.3962
-0.0015
3.6486
-1.4330
-3.5143
-4.7838
0.9199
-3.7578
-2.2810
-0.8226
-3.3322
-5.9224
-0.0041
0.0041
0.7627
-1.0488
0.0809
-3.1678
-0.3617
0.4370
-1.6717
0.1320
-2.2706
-1.3907
-1.8303
-0.7058
-1.4839
-2.3997
-0.5866
-2.1809
-0.7039
1.2616
0.1125
1.0603
-0.7960
-2.0310
-0.0958
0.9863
-8.3343
0.5879
-0.7337
-1.8210
3.3247
-1.2398
-0.0873
3.2091
0.5132
0.9686
-0.9966
-1.1480
-1.4251
-1.1257
1.4610
-2.9734
-0.3603
1.1284
1.3847
-2.6450
-0.1216
0.8638
-0.9173
-1.4853
-3.8895
-0.1019
1.9964
-1.1385
-2.7624
0.0391
0.7718
-3.5501
1.9870
-5.3002
-6.3789
-1.7667
0.5810
1.5354
-2.6079
-4.4110
-3.0875
-3.9449
2.5296
-1.1377
-1.8890
-3.8554
0.0834
-1.6438
-2.0377
1.3703
1.1387
1.2157
0.2099
6.5266
-2.6248
-1.7308
-0.1021
2.2291
-0.3986
-2.6885
0.9359
-0.3239
1.5885
-0.5825
-1.0595
1.5977
2.2867
0.3023
-2.6489
-1.6523
1.1623
-1.4592
-1.2058
-1.0908
-1.1132
-2.6749
-3.2159
0.5490
-1.2158
-2.0855
-3.2432
-1.5401
0.5979
-0.9068
-0.2071
-1.5111
-0.1810
1.0938
0.6475
2.3784
-0.5733
-0.9170
2.2296
-1.0245
1.1044
2.1110
3.1502
-1.1078
-1.6940
0.8810
-0.0911
-2.4816
-0.1568
2.4140
1.6119
0.7852
-3.5753
-0.3715
1.2656
0.3524
-6.9130
-1.3587
1.3400
-5.1501
1.7757
-4.1079
0.9734
-1.3778
0.9446
-3.2812
-3.3992
-2.4987
-3.7495
-0.9722
-0.1715
7.2454
-2.5822
3.5175
-3.2477
-2.8866
-0.4941
-2.9516
2.2726
4.2343
-1.3828
-0.9376
-3.1097
-2.4634
-2.0616
-1.3999
-0.4883
1.4889
-0.1776
-0.0448
-2.1076
-1.1425
-3.0667
1.4247
0.5902
-2.0418
1.0624
0.9401
0.6953
-0.3903
-0.6906
-0.1510
-1.0032
0.7010
3.8804
-0.3534
-1.3300
0.1459
-0.2093
-0.0449
-0.8573
-2.3961
-3.1856
-0.8282
0.3664
0.4685
0.7738
-0.9265
0.7230
2.1488
-2.2052
1.3299
-1.8897
1.1665
-0.7572
-0.2605
-0.8222
-2.9598
0.1134
0.5535
-3.3663
-1.1102
-0.9179
-0.9308
-0.8584
-1.2213
1.0811
-3.8447
0.9815
-5.3911
-4.9252
-0.6604
1.4740
-2.2654
-2.6769
-0.3631
2.3989
-2.4522
1.0271
0.1005
4.1323
-3.3446
-2.0054
-0.4731
-3.1444
-1.4121
-0.4684
2.1038
-0.8468
0.2775
-0.2870
-0.0055
-1.1710
-0.2122
2.3741
-1.2551
-0.8125
-0.5092
-0.6836
1.0755
-3.0075
0.4881
0.4807
1.3736
0.2935
1.6365
0.3179
-4.2199
0.2365
-0.2700
-1.1558
1.0565
2.4005
-1.8854
1.6574
1.7093
-6.1561
-1.5440
0.8913
1.8162
0.2367
-1.9241
1.5264
-4.7873
-2.4573
-0.8281
-0.0775
-1.6288
2.2214
0.6434
-3.7569
0.6212
-0.8338
-0.5705
2.3550
-0.3900
0.6490
-0.6868
0.1003
-3.5345
0.4765
-2.5661
2.2347
-2.2152
0.4079
-1.3129
-2.1499
1.0983
1.1221
-5.0882
-4.6336
-1.2792
-3.8024
1.8031
-3.5776
2.7082
-5.3780
5.0313
-6.7931
-0.1499
-0.3107
-3.2561
-2.3373
-3.4230
2.7905
-2.0671
-0.7906
-3.1816
1.0679
0.2988
1.3077
-2.9198
8.0620
-1.1338
2.3767
-2.6695
0.1489
1.5855
-1.0153
-1.1256
-1.8143
1.2920
-0.2076
0.3061
-0.1804
-0.0125
-0.4453
0.0202
-0.2629
-0.8996
2.5621
-0.8704
-0.5295
-0.9576
2.0177
0.9507
-5.4759
2.4131
0.9969
-1.4297
-1.4025
-1.6796
0.5519
2.5828
-1.1379
-1.1810
1.2905
0.2739
2.0528
1.3948
0.9608
-2.8424
-1.2591
-0.1509
0.4528
1.1653
0.5729
1.9465
-3.1116
-0.1655
-1.0800
-1.4120
1.6741
-1.7766
-1.5085
-0.4733
-2.1807
3.3276
-0.0505
-1.5143
-2.0168
-2.1117
-4.7027
2.4789
-4.2045
4.7788
-1.7425
-1.6865
-2.2451
-2.2916
0.1846
3.8217
-0.9201
-2.6799
-1.6619
-1.2334
-1.1181
0.4194
-0.8110
-1.5265
-0.2660
3.1296
-0.6149
-1.4391
-0.0367
-1.6214
-0.0027
-0.0546
1.3201
-0.0083
-2.9045
0.7789
-1.8047
-2.3115
-2.7251
-0.3431
-5.3887
-3.0010
1.6035
-0.3571
-0.6257
1.6535
0.6823
-4.9589
-0.8834
-0.3074
-3.1365
2.0005
2.0280
-2.2677
-0.4974
-2.2713
1.5475
-0.6191
-1.1987
-1.9256
0.8641
-1.2531
0.3970
1.6884
-5.5131
3.6788
-1.0039
-2.3078
-2.8637
-1.4484
-1.1785
2.4074
-1.3138
-0.6231
-1.7064
-1.8597
-2.1927
-2.7248
-0.9045
1.0007
-1.2959
0.2219
2.5040
-1.9067
-1.6851
-3.2117
-0.4512
0.0843
-0.4176
1.1579
2.0736
-1.8923
-3.2277
-2.7329
-3.0664
-1.7240
-1.9793
-0.2396
-0.4980
-1.8151
0.0672
0.0849
0.9137
1.1472
1.0959
-1.7589
2.5502
3.9806
-0.1888
-0.8453
2.5092
-0.4783
0.6570
-0.1890
-0.7968
-0.6708
-0.5244
0.1846
0.1772
0.8403
0.1301
-0.4732
-0.3619
-0.5092
-2.5761
-0.3365
-1.2767
-4.0167
2.4159
-1.1115
-2.2878
1.3623
1.9762
-0.9084
0.8045
0.0020
-2.8918
-3.9963
-2.3000
-1.0235
-0.5576
-0.0540
-2.5250
-1.7335
-2.8031
-0.4947
1.5016
-2.8410
-1.9012
0.1912
-0.8262
-1.6470
1.4652
-3.1795
-2.4019
-1.4180
-1.9950
0.2559
-0.7376
-1.9972
-0.9677
1.9791
-1.4580
8.9547
-1.6657
-1.5187
-2.4162
-3.1982
-3.4445
-1.9726
-1.0127
0.1148
-1.8135
-0.5958
-1.6323
-3.9509
-3.4735
-4.2616
-0.8252
-4.2236
-2.0967
-1.4885
-3.2338
-1.7957
-0.7189
-2.3197
-3.1404
-3.6986
-0.8190
3.8894
-1.6369
-0.4580
0.4394
0.5482
-1.7916
-0.5293
-0.4609
1.6823
-0.2822
-0.2439
-0.8420
-1.1540
0.4017
-1.8901
-1.8499
-1.7947
-0.4624
-0.1236
-0.7174
0.5536
0.1653
-0.4288
-0.8019
-0.9180
-0.9067
0.6049
0.0409
-1.2585
-0.1914
0.2632
-0.4777
0.3997
0.1110
0.1785
-1.1333
0.8807
-0.6595
1.0004
-0.9831
-1.0341
0.2000
0.2042
0.7937
-2.4524
0.3023
-0.0228
-0.8028
-2.0871
0.6021
0.0987
-1.2613
1.0530
3.3325
-6.0772
-3.5712
1.2083
-5.0976
-4.4790
-5.3695
-1.2661
-1.7171
-2.8571
-1.4509
2.0591
0.3949
-1.0286
-0.4154
0.5231
-2.5487
-2.7722
-2.3053
-2.3662
-0.1234
1.4555
3.6317
-4.2100
5.0994
0.1919
1.6795
-3.7596
-0.1520
0.8769
-0.7560
0.5670
0.4108
1.4842
-1.7433
1.8915
-1.2131
-1.5277
-1.9208
0.0588
-0.5971
2.6036
0.5081
0.4502
-1.2960
-0.9569
-0.5805
-0.8988
-3.1215
-0.9960
0.9046
1.2222
-1.0022
-0.8222
0.3045
-0.5417
0.5807
2.2360
-0.9119
0.6717
-2.1736
0.7763
-2.3827
-0.3249
0.0354
0.5794
-1.2636
-1.2994
1.0701
0.7047
1.6617
1.0875
-3.2263
0.0106
-1.3697
-0.0507
-1.1469
0.6912
-2.4689
1.6002
1.0191
-4.8508
-2.0295
-4.0209
-2.1199
-5.0551
2.6592
-2.0789
4.6547
-1.1488
-4.5942
-1.1173
2.1293
-0.2924
-1.2913
3.1016
-3.4249
-0.6384
2.0352
-1.6533
-0.6539
-1.6287
2.3448
-0.2130
-1.4056
-2.0474
-0.3465
-2.0678
0.4948
0.2696
0.8808
2.9316
-0.2044
-2.0482
1.4228
-2.0269
0.7737
-1.5301
-0.9935
-0.0767
0.3044
-1.7317
0.2723
-3.4592
0.3473
-0.4103
-0.6041
-0.6039
-2.2882
-0.7419
-2.2374
-1.3297
-0.2714
-2.6270
-2.6197
-2.3336
1.1844
-2.8066
-5.3030
-3.7946
0.1123
-0.7661
-0.4141
0.9144
-0.0382
3.8043
-1.6748
-1.6510
1.3472
-1.0751
-0.2632
-0.1079
-0.5412
-3.2867
-0.9481
1.4768
-1.0637
1.3664
-3.3498
0.9738
-0.2905
-6.5558
-3.1830
-1.3388
-2.6082
-1.0567
4.6535
1.6727
-3.6914
2.5960
-2.5757
0.0811
-0.1569
-1.5757
-0.5547
-3.0566
-1.3277
-2.9586
-1.1905
-0.7540
-2.6349
-2.7495
2.4302
-2.0504
1.0254
-2.5743
0.1852
-1.6253
-0.0913
0.0798
0.8493
-0.5844
-1.3051
1.7400
-2.1823
-1.6822
-0.1566
1.4789
-0.2661
1.0108
-3.9257
-1.2465
1.2880
-1.6370
-1.3413
0.9923
2.1793
1.1990
-2.0975
0.3154
1.8825
-1.3300
-1.9730
-0.0005
1.8155
3.0865
0.4452
-1.0429
-1.1597
-4.2568
-0.9560
-0.1264
-0.8988
1.0380
1.4468
2.3771
-3.5526
-0.6482
-1.0628
-1.8099
-4.4170
-2.5853
-2.9405
1.4138
-4.5395
-3.2711
0.4562
-1.1380
2.7218
-2.2217
3.9437
-6.7012
-2.8461
0.0149
-3.4975
6.3783
-2.0467
-2.4373
-1.4378
-3.5994
-4.8319
0.1585
-4.5328
-1.9663
0.8768
0.4551
-2.5144
0.1035
-2.2826
2.1414
-2.7192
-0.9920
-0.3606
0.8322
-3.4168
1.3612
-3.7325
-3.5682
1.5784
-2.3288
-2.0877
1.6120
0.1201
1.5482
0.9304
1.1632
-0.0777
1.6821
-3.0560
-0.7372
0.2924
-0.0104
-2.0643
-0.1856
0.3995
-1.1096
1.1088
0.6044
-2.0052
1.0324
0.2925
0.1575
-2.5680
0.0164
-0.4768
0.8494
-0.0278
-0.2154
1.9438
0.5895
-0.6455
0.8756
-2.8790
-0.4642
1.3950
1.7496
-2.3567
-0.6439
0.4954
-1.0756
1.4198
-0.9103
0.9619
1.0329
-0.5687
-0.7780
0.0302
0.5054
-0.1891
-1.1102
-0.9770
-0.0478
-0.5138
-0.1586
-5.2879
-2.2219
-0.1130
-1.1659
0.5582
-2.7806
3.3180
-0.7457
-0.4711
4.4538
-1.8677
-3.0178
-2.4409
-0.7582
1.1447
1.2520
-1.9814
-0.7734
-1.6144
-1.5943
-0.5272
-0.7273
-0.2792
0.1390
-0.9046
1.3639
1.5950
-0.3726
-3.8750
0.5699
1.5488
-2.5477
-4.8865
0.9140
0.4824
0.2514
-0.1376
-3.3331
1.1542
-2.5110
-1.1735
-2.3098
-0.0780
1.8912
-2.0356
-0.1532
-2.0641
0.4288
-3.8679
0.8304
0.6551
1.2251
-2.0882
-0.2509
1.7722
0.9248
0.6712
0.0989
-1.2094
0.9463
-2.2939
1.1198
-2.6266
-2.3908
-1.9616
-1.1938
0.3684
-4.4440
0.2522
-0.4754
-0.2175
-1.9965
0.4666
-1.2568
-2.7196
-2.1900
-0.0205
-3.7600
0.3591
-4.2875
-1.2223
-2.3014
0.4319
-1.7919
0.2579
-0.0121
-2.3961
3.6039
2.2679
-0.5956
-1.4930
0.0504
-1.8647
-1.6429
-3.7153
-1.3493
-0.2149
1.4237
-1.2901
-1.5365
-1.6408
-1.4554
-0.4270
-0.0139
0.1708
2.0065
-1.4047
0.1568
-2.3634
1.4815
-0.3961
-2.8634
-2.7657
-1.0864
-2.0107
-1.7765
-0.1156
-3.5373
1.5363
2.2059
0.2366
1.8521
1.0329
-1.3067
-2.8264
-1.0004
-0.2286
0.6636
-2.2576
-3.2303
1.2378
1.3497
-3.4174
-0.3291
0.2878
-0.1201
2.1920
-1.3929
-0.2842
0.4768
2.7791
-3.7502
-2.8525
-4.5732
0.2093
-0.0981
-0.8939
-3.0710
1.6487
0.2813
-1.6476
-0.3682
-1.5712
2.1231
-1.7341
-0.4415
-2.0848
-4.4569
-6.1886
-0.4310
1.5227
-4.7357
5.7273
-2.4720
-0.4952
-2.1350
-1.8409
0.5359
-4.7996
3.5734
0.3548
-2.3584
-0.8239
-4.1330
-1.4924
-2.3270
-1.9143
1.7610
-1.7754
-1.8031
-0.1747
1.5176
0.2365
-2.9738
0.5350
0.9232
1.6742
-0.6595
-0.3942
-1.2275
-1.8614
-0.2600
-0.7745
-2.3076
-2.6916
-1.2190
-0.7514
0.1262
0.8795
-2.8330
2.0921
2.2747
-0.9070
0.3767
-9.2884
-0.1399
-0.4202
0.4019
-0.8004
0.5382
-1.5135
0.4736
1.0303
-1.1823
-0.0525
0.4371
-0.0761
-0.0322
-2.1082
-1.6171
0.7330
-3.7849
2.5683
0.2105
-0.1310
0.7793
-2.3679
1.4939
-0.0479
0.4399
-2.9902
-1.6052
0.2103
-2.0883
-3.1349
1.2386
-1.4369
-6.6234
-0.3025
-1.7732
2.6631
-2.0944
-0.0019
-0.9894
-4.9666
-2.2799
-2.5079
-0.0926
0.5402
-3.0340
-3.6004
4.3056
2.2044
-5.7393
4.4609
-2.5472
1.5425
0.6636
1.6893
-0.2639
1.1312
-0.7731
-1.2078
-3.1956
-0.0737
0.8684
-3.0772
1.2747
-1.0534
0.4004
-1.0169
0.9456
-1.9189
-0.1235
0.3519
4.3550
0.7203
-1.5220
-0.3874
0.0104
0.4707
-1.0837
-1.8770
1.8868
-6.2187
-0.1791
-0.5280
0.3421
1.6862
0.1429
2.2054
-0.4826
1.7038
-3.4622
-1.6833
1.2273
-2.2564
-0.8774
-1.4617
-0.1793
-2.9149
0.4548
-0.6754
-0.9716
1.8254
-4.3242
-3.2023
-1.3380
0.2865
-2.8472
-0.1962
-2.0986
-2.2502
0.8114
-0.7545
2.3594
0.4199
-3.2897
-0.1297
0.8118
-2.6346
-3.6049
2.9059
-0.8792
1.2252
1.4444
0.3595
-1.8995
-1.5889
-1.2569
-1.3814
0.5248
2.5757
1.1172
-1.4160
-1.1216
0.8553
-1.0744
0.5650
4.5119
-0.9789
-0.6220
0.9904
-1.0468
-0.7875
-0.8598
-1.8797
0.1138
-0.5172
0.1835
-0.7179
0.9431
-0.8644
-1.0051
0.0566
-3.4213
0.1138
-0.7473
-0.4319
-0.4649
-2.2870
-0.7705
-1.3622
0.6402
-4.2960
-2.2634
-4.3439
-1.8633
1.6951
-3.3006
-0.7274
0.0813
0.3343
-0.4476
-1.4148
-0.4509
-1.0741
2.0570
-0.9945
-0.4302
-4.5964
-1.9788
0.3050
-1.5153
0.6653
3.4027
0.0196
-0.3370
0.1128
-1.7003
-2.3012
0.9029
-0.0937
-1.0631
1.3332
0.2003
2.6472
-1.7272
0.7000
-0.9150
-1.7249
-3.8798
-1.4451
-1.3456
4.1272
-1.0031
3.0044
-0.2821
-2.9069
-0.1240
-0.7769
4.1581
-2.7766
3.1098
-2.8305
-2.0474
-1.8093
-1.8259
-1.0354
2.0572
-1.3077
-0.6795
-0.3048
-0.3811
-1.0459
-0.1942
-1.8624
-2.3901
-2.1186
-1.0435
-0.7639
-0.4501
-2.9228
-4.8743
-0.6877
-2.0634
-0.3589
-1.8617
0.2327
-0.3120
-0.5407
-1.1926
-1.1577
0.1217
-0.4649
1.3461
1.8586
3.1077
0.3454
-1.8048
-0.1743
-3.9485
-3.6394
-0.0760
-0.8593
-0.1591
-1.4814
-0.5851
-1.5755
-1.1429
0.4663
-0.5422
2.4441
-2.9323
-0.7358
0.0689
3.0403
0.2246
-1.1730
-1.4426
-0.1873
-0.0699
-2.0045
-2.7115
-2.6420
-2.5249
-0.7367
-1.8543
-4.3654
-0.8906
-4.1936
-0.5924
-3.5478
2.3317
-3.0578
-1.0665
-0.8514
0.2634
-0.1753
-3.4317
-2.1327
3.0643
3.4787
-0.0940
-0.8902
4.3193
2.8100
-1.4313
-3.1781
-2.1963
2.7190
0.1812
-0.3439
-0.7533
1.3164
1.3573
1.3226
0.2754
-1.2729
-0.9669
2.5253
-1.4936
0.9685
-2.9526
-0.2374
-1.8812
-1.9566
-2.1211
-0.4229
-3.4532
-0.2928
-0.7381
-1.7278
0.2962
-0.6849
-1.8268
0.5252
0.5919
-5.5108
1.9081
1.2697
-4.5624
-0.6813
1.0702
0.2226
-0.5430
-0.3702
0.6016
-2.0192
-0.8592
-1.3750
-1.3451
-0.0695
-1.0639
-1.2987
-3.6653
-0.9477
-1.3536
-1.4715
-2.9662
0.7486
-2.9681
-0.8318
0.3300
0.5498
-0.1097
3.5543
-4.3979
-4.3036
1.0129
-1.0259
-1.0235
-2.6841
-3.2070
-2.7068
3.4573
-0.1495
-2.4832
-1.3884
2.1395
-0.8018
1.3091
-0.7455
-2.5369
-2.2169
-2.1136
-0.0800
0.0286
-0.0899
-1.2244
-0.2022
7.8377
-0.7054
-2.5916
1.9957
-0.4509
-1.1801
-0.2395
-0.4034
1.0341
-1.9877
0.9759
-4.0082
-0.1318
-1.3983
-0.6344
1.4022
-3.5704
-0.0778
-1.4053
1.6293
1.3556
1.1417
-0.8529
-1.5049
1.3342
0.2420
-1.3586
-0.9614
-1.4647
-1.1375
-0.9929
-3.2164
-1.3055
1.5440
-0.0750
-0.9667
0.5602
-0.9144
1.0372
-0.3339
-3.2987
1.4929
0.2514
0.2873
-1.1628
1.2322
-2.3140
-2.3597
-0.8330
0.7576
-1.8094
1.2882
-1.7058
-0.7105
-0.1794
1.4043
-3.0109
-3.1125
-4.1833
-0.7703
-3.5177
-2.7943
2.0062
-0.8670
-2.7950
-0.4216
-1.0341
0.3677
-2.1741
1.4778
0.1210
-2.6261
3.3557
-4.1273
0.7441
-1.9712
-0.7681
-1.3506
2.7973
4.4866
-0.7492
-1.7549
-0.9011
0.5076
-0.1138
-0.0344
1.8484
-2.0799
0.6913
-1.9073
-0.4239
2.2328
-0.9146
-0.5713
1.3545
-0.7604
-0.1988
-3.0172
0.2683
-0.7520
0.8540
0.9454
-1.8966
-0.5883
-3.1630
-0.4112
-1.3935
-2.8113
-0.0584
-0.2503
-1.6555
0.0806
1.0851
-0.0102
-1.9813
0.1486
-1.0873
-1.8242
-0.2949
-0.7629
-1.0646
-0.9911
1.3903
-0.0545
-0.6201
0.4846
1.4257
-4.1512
0.4041
-1.5365
-0.2835
-0.0846
-1.8871
0.4886
-1.4802
0.0724
-3.5114
-3.3811
0.2985
4.8143
0.4782
5.3693
-2.3855
-4.6705
-2.1277
-1.0175
-4.0051
-1.6131
6.3752
-2.2709
-3.3604
-1.2518
-2.2549
-4.5922
0.0645
-1.8423
-1.8129
-3.6563
8.4960
-3.7935
-1.8161
-0.3237
-1.4441
-0.4607
-1.6172
1.4972
-0.5024
-3.5369
3.4888
-0.1343
-0.7046
-2.9741
1.9139
0.4380
-2.5977
-1.9244
-2.2432
0.4252
-0.2858
-0.2630
-1.3111
-0.7329
-2.6141
-2.3935
-2.4945
2.9270
-1.3100
-0.1874
-2.0871
1.1353
-0.8238
-0.7037
-0.5603
-0.7845
-1.2253
-3.5437
-0.7671
-0.7178
-0.4278
-0.8422
1.5293
2.3743
1.1364
1.1635
1.6620
-1.8606
0.8640
-1.5785
-1.4571
-0.8937
1.2957
0.8497
0.4942
-1.1791
-0.0387
-0.0084
-1.7656
-3.2644
-3.9537
0.6233
0.3413
-2.1628
-2.3551
-2.2702
-2.5124
0.2409
-1.2772
-1.5284
1.4607
6.1671
2.2598
3.1936
1.7316
-3.0599
-1.8489
0.3335
0.6102
0.6118
-1.9701
-1.5290
-1.3570
-0.1408
-0.5368
0.5056
-0.2446
0.0223
-1.3501
-3.7684
0.1989
-1.1069
-0.5099
-0.9473
0.4588
-1.5103
-2.0233
-2.2013
0.2877
-2.0317
2.1522
0.2390
0.0550
-1.0059
-0.2094
-1.3661
-2.8358
-1.8967
-0.3903
-1.9248
-0.6388
0.3651
1.7381
0.2791
1.5107
-1.1574
-0.3697
-1.4285
0.6986
0.6480
-0.9552
-0.0025
-2.9418
-0.0782
-0.7667
-0.2091
-1.5811
0.1068
-1.6733
-2.7581
-2.1525
-2.3231
0.2993
1.5184
0.4095
-2.3900
-0.0576
-1.0207
-2.2910
3.2463
-2.6442
-2.7695
1.7438
-0.4514
-2.1265
-1.2123
0.1584
-2.3468
-3.3816
3.8296
4.1635
-2.1738
-1.5604
-0.9494
2.0221
-1.0589
1.5208
-1.4909
-1.7877
1.3769
-2.0555
-2.1288
-0.3369
-0.3066
-0.2291
-0.5728
0.8038
-0.8491
-1.4104
-2.2553
0.3116
-1.8208
2.3332
-1.1301
0.7407
-2.0384
-1.2462
-1.5570
-3.5714
0.0001
-1.0026
1.2161
-5.7850
-0.4601
-0.6628
-0.9237
-2.1558
-3.5545
-2.2155
-0.4002
1.9191
0.5686
-0.5204
0.0994
-0.0906
1.6195
-0.2349
-2.3508
-2.4536
-3.2744
-2.5386
-2.9997
2.6085
-2.3313
0.1844
0.5497
-2.2112
2.6754
0.8198
-2.7497
-2.8089
-0.6828
-1.1634
-0.6570
0.9031
-0.4973
-3.4326
-0.0811
-2.5886
-3.9924
-3.4224
-1.2552
1.5440
-5.4338
-0.2665
-0.1402
-1.9190
-1.6200
-2.7370
-0.0120
3.7069
0.4230
-3.8733
-0.2958
-4.8095
0.1578
-1.9846
-1.7456
0.3550
-2.6141
-1.7524
-1.7095
-1.0977
1.7582
-0.5872
0.4033
-0.9011
-0.4588
1.2691
-0.1834
1.2482
-0.4573
-2.6157
-0.3360
-2.0787
2.8422
-1.7077
0.2367
0.1729
0.0069
2.2318
-1.5541
-1.3962
-2.9798
0.9890
-4.8791
-0.3058
-0.1659
0.4344
-3.9113
0.2802
-0.0356
-1.9996
0.9436
-2.2407
-0.9097
4.9747
1.0036
0.0182
-0.5242
-0.0959
2.1471
-4.6805
-1.0276
-2.1861
-2.1688
-3.3433
-1.5169
0.9696
0.8508
-0.4812
1.6682
-1.5974
-1.2590
0.1915
-2.0860
-1.9257
1.1420
-2.3658
-1.8416
0.3908
3.9915
-4.0048
-2.5985
-0.0615
-3.5149
0.3342
-2.0907
-3.0337
1.9698
-2.1689
3.5378
-1.7339
-2.1579
-2.6142
0.1658
-2.4538
-1.9327
-3.3055
1.2076
4.1354
-1.1625
0.1959
-0.9729
-0.4314
-0.5413
-0.2957
-1.7853
0.3552
-1.7462
2.7140
-3.1705
-1.9324
0.1947
-2.2426
-4.6224
1.7096
2.0329
-0.4624
-2.8104
0.4709
-0.9610
-1.6308
1.4403
0.6176
-2.5215
-0.9894
-3.3237
-0.4654
-3.0032
1.1127
0.4835
-0.1618
-0.3689
1.3726
-1.5697
-2.6067
-0.1334
-0.3893
0.3889
2.2890
-4.4080
-1.6355
1.8208
-4.5085
0.7512
-1.0191
-0.1413
0.5500
-1.3097
-1.4716
-0.8783
-3.3929
-1.0709
0.1144
-0.6605
-0.2132
0.0384
-5.6907
0.8653
1.0447
-7.1407
-2.6244
-4.6086
2.2645
0.3913
-3.1895
-3.0991
-0.9121
-1.6553
-1.8646
-1.9900
-0.1851
-0.0595
-2.1459
2.0890
0.5707
0.6602
-1.4779
1.0954
0.8037
-1.7938
-1.0896
-0.9530
-1.9337
-0.8105
0.5922
-2.1750
-2.4333
-2.0927
-0.3058
-0.1859
-1.3863
-4.6290
-0.5926
-3.0184
-0.5091
0.4536
-2.5807
1.1225
-4.9281
2.4724
1.4892
0.7335
2.5958
-4.1376
0.2326
-0.9987
-0.7457
-0.5411
1.6609
-1.0942
1.6034
-1.9849
-1.7357
-2.9215
3.1161
-0.2444
-0.9497
-1.7869
0.5077
0.6136
-2.0141
0.8058
2.1946
0.2707
-1.1759
-1.9036
2.0124
1.2066
-3.6776
-1.2573
0.8459
-0.5414
-0.8886
0.9160
0.6486
-0.1197
-4.1583
0.7146
1.4914
-1.9398
-0.4283
-1.5351
-0.6602
-3.3466
-1.8492
-0.6260
-2.2386
0.5638
-0.4058
-0.5973
-1.5575
2.2450
-2.2950
0.6051
1.3894
4.6673
-2.1184
-0.5626
-1.9801
-0.7565
0.3775
0.4454
0.6216
0.9133
0.2174
0.3439
1.3824
-4.4180
-1.1780
1.4244
1.3308
0.4778
-0.5600
0.7953
-1.4937
-1.2153
-1.7621
-1.3488
-1.2340
-0.6283
0.3148
-3.1036
-0.3137
-4.1624
-0.0057
-3.7806
-1.8467
-0.1481
-2.3017
1.6628
0.3878
1.3468
-1.2487
0.9769
3.5188
-0.8951
-2.0642
0.9622
-0.2276
-1.9190
-1.6898
0.3769
0.1773
0.7646
-0.5796
0.4029
-0.1942
-0.5237
3.3597
0.3619
-0.6646
-1.2126
-0.2399
1.8364
-1.7911
0.1239
-4.5181
-2.9051
-0.2273
-1.1199
1.8955
-1.8773
-0.9818
6.1946
-2.2887
-0.4459
0.5560
1.1042
0.2120
-2.6796
-1.7120
1.2307
-2.8749
-1.6040
-1.4221
-1.9330
-1.0572
-1.5122
-0.2103
-0.2129
0.0343
-0.6130
-1.2250
-0.6261
-0.1014
-0.4566
-3.6057
-2.3357
-0.4264
0.1928
-0.5264
-3.6252
-3.2745
-0.5139
-1.4333
2.9199
-3.3571
1.4655
-0.2789
0.8520
3.1768
0.0664
0.2814
-4.7128
0.0706
-0.9230
-1.0975
-2.6422
-1.4749
-0.6049
0.4322
-0.1264
-1.5583
-1.2419
0.7269
-2.0664
0.9119
1.3607
-5.1330
-3.5364
-0.2414
-3.3964
-2.0120
-1.6886
-1.3906
-1.5757
-0.6265
-1.2260
1.2943
-1.9779
0.1604
-2.0075
2.1569
-1.7723
-2.8978
-0.7732
-4.3756
3.3103
-3.2341
-3.5763
0.6640
3.6169
-2.5269
-3.0983
1.3195
-0.7138
-1.2887
-3.8384
-0.8435
-0.9024
-3.2746
1.7579
-1.2111
1.6112
-2.6566
-0.9498
1.3497
-0.4692
-0.7667
1.2095
-0.8501
0.0452
-3.3332
-0.8197
0.0939
-0.7184
1.1431
-0.9514
-2.0339
3.0870
-1.3951
-0.6269
-1.3031
-0.9313
2.2412
0.9747
1.6373
-0.5435
0.0149
-1.9482
0.0542
-1.5781
0.0188
-5.5025
2.4496
-1.8208
0.9602
-3.2713
1.1634
1.8536
-1.4851
-0.9934
1.0379
-0.6255
0.4265
-1.8204
-1.9326
-0.5589
1.9227
-3.2006
-3.1863
0.2604
-2.1999
1.5393
-2.7154
-0.5630
-1.5706
-2.2751
-1.4176
0.5839
-1.3999
-1.7684
-1.7050
-0.7676
-0.7476
-0.7579
-1.5965
1.6786
3.3067
-4.4062
-1.0395
-3.7704
-3.6202
1.9398
-2.7644
-1.0352
-3.8326
-0.3625
-3.0078
3.9288
-2.7127
-0.6791
0.2418
-3.4978
2.0916
-2.2267
-0.7206
-2.1413
-0.8389
2.3050
-0.8824
0.9037
-0.8133
-0.5489
-0.2526
-0.7125
0.6602
-1.8097
-0.3059
1.6847
-1.3118
0.7295
2.2944
-1.3273
-3.1215
-1.2903
-1.7109
0.4186
-0.8551
1.9026
-2.2466
-1.2751
-2.0413
0.0704
0.4237
-1.0362
-5.6959
-3.5442
-2.5429
0.1099
0.8108
1.0236
-1.4509
1.1948
-0.7605
-2.2112
-2.5660
-1.8228
0.2013
-0.6386
-0.8864
-1.0477
-2.7732
-0.4013
0.9444
0.4542
1.0882
-2.4934
1.6145
-2.1496
-2.1137
1.0798
0.4729
0.6618
0.7216
-2.2285
-5.6968
-3.3255
-0.7170
-6.8885
-6.9121
-6.2676
0.2779
-0.0553
-3.6409
5.4362
-0.4327
1.9526
-4.5718
2.6942
3.5310
-0.9132
-2.9852
-1.7009
-3.3012
0.1152
2.0795
-4.8447
-1.0633
1.5282
0.9999
1.2698
-1.9500
0.8572
-0.3039
0.4205
0.7689
-3.2303
-0.3823
1.9415
-1.2428
-0.2313
-1.5299
-3.9543
3.8269
-1.1452
-3.9993
-1.3728
-1.5565
-2.0112
1.1162
-2.1171
2.7437
1.3942
2.6225
0.0645
0.9667
-3.6389
1.9805
-2.9841
-1.0029
-1.4711
1.2348
0.0672
1.9083
3.0828
0.5235
-3.8486
-0.2890
-1.8176
-0.1469
3.1112
-1.8834
1.7571
-1.2374
-2.4506
-2.4654
0.3406
0.7886
0.2674
1.2077
0.0178
-1.2559
-0.6750
1.4846
-0.4752
-4.1953
-3.5276
-0.0570
-2.2085
-2.9910
0.7013
-2.9775
-3.4934
-0.6861
-2.1936
-3.6476
-3.1381
1.9024
-0.6530
3.8891
5.2827
-2.3050
-0.2385
2.3860
-0.6165
-0.1406
-2.2308
1.5153
2.0125
0.0743
-0.4636
-0.4502
-0.1861
1.0873
-1.6886
-0.1751
-0.8146
-1.5117
0.9567
-2.1498
0.5911
-0.2007
-4.7237
-0.5770
-1.2123
0.6562
-0.6086
-1.1091
-0.0399
-2.2077
-3.1875
-1.0799
-6.7057
0.0256
0.6787
0.3252
-3.9406
1.8048
-4.4882
3.2013
-2.7705
-0.8353
-3.5245
-0.9211
-0.1781
-1.7037
1.3647
-0.4874
0.1904
-0.2133
-4.7957
0.4563
-0.4564
-1.8077
-1.9241
-0.9820
1.5572
1.4145
-2.1181
2.2673
-0.4246
0.1321
-1.6733
-0.7741
0.1923
-4.3246
1.2739
-1.1555
5.6149
-1.7835
-2.1684
-1.4675
-2.6464
-1.7271
-3.3643
1.9230
-2.7079
0.9042
0.6671
-1.7049
-1.6650
-0.7884
-1.2406
-1.8385
-2.6042
-0.7842
3.1091
-0.2386
-0.2706
-1.9507
0.8496
-0.6683
-0.6107
-0.0635
0.0663
0.4403
-2.7835
-0.8174
0.8265
1.1681
-0.0179
1.3826
-3.3730
-1.4963
-0.4055
-1.9367
0.0586
-1.5668
1.5345
0.1999
-2.1256
-0.1496
-3.1682
-0.0463
-0.9621
0.1709
-0.1953
-1.9612
-0.4553
-1.4732
-0.5749
0.8163
2.0512
0.5368
0.9153
-3.2393
-2.3592
-0.7915
2.5127
-2.1133
-1.7025
2.5714
0.0098
-1.5339
-0.6721
-3.7401
0.8250
-0.7666
-4.0622
-1.1135
-0.7383
1.2752
-3.4032
-2.5157
-1.7717
-5.1591
1.3746
-3.5966
-5.4272
-2.8275
-0.1363
1.9090
-5.3886
-4.5913
-1.3390
-3.3659
-1.8528
-0.2577
-2.1945
-3.6741
3.8579
0.4968
1.5701
1.6114
0.2292
3.3951
3.0698
-2.3244
1.8571
-0.8108
2.1886
-1.0950
1.8137
0.7327
-2.5410
0.2179
-1.4885
0.3253
-1.7198
-0.6139
-3.4461
-2.8668
0.6541
0.2988
0.0990
-0.4738
0.3633
-2.6593
-1.8671
-4.0882
-2.2504
-0.4476
-1.8639
1.2392
2.5420
1.3550
-1.1820
-1.5614
-0.7835
-0.7942
-2.1027
0.0652
2.1890
1.3822
2.5177
0.6455
-1.8817
3.1681
1.1276
-1.5854
1.1527
-1.2370
-1.5789
-2.3535
3.3149
1.8453
-3.2365
-3.6569
-0.7098
-2.1068
-0.6554
-0.3904
0.4779
-3.2326
2.0679
-4.5497
-2.2076
-5.1615
-3.0542
3.8254
0.8196
1.4781
-0.8881
-2.3055
0.8944
-0.6022
-1.5009
-0.3250
-0.2569
0.0621
2.8021
-3.8011
-0.2415
0.3108
-3.3048
-2.2423
-0.6863
4.4661
-1.2995
-0.3359
0.0696
-0.8801
0.2569
-0.2531
-3.6586
0.1037
-3.2095
-1.6322
1.0113
-0.5761
-0.1041
-0.1466
-1.0412
2.2922
-0.3043
-2.6410
0.6497
0.8054
-0.8287
-1.7699
-2.1958
-2.3188
-6.6867
-3.0019
-1.6756
1.1924
2.9225
-2.2175
0.1398
-0.5494
1.3310
0.6632
1.6578
1.9318
1.5062
-2.0567
0.3146
-1.0878
-0.9721
-0.7225
-1.6500
0.0426
-2.6397
-3.6600
1.0408
0.8288
-4.1141
-0.8787
1.1798
-0.8710
1.9611
-1.8753
-1.0292
2.6744
0.0622
0.0182
-1.4814
-4.4434
-0.3678
-1.0874
-0.3368
-0.0056
1.1160
-0.2645
-1.6042
1.5120
3.1601
0.1884
-0.4588
-2.0167
-1.0190
-2.8515
-1.5153
-2.1373
0.5169
3.1130
-2.3696
-0.4883
-0.1561
0.1757
-0.9265
1.6344
-0.8960
-0.3120
-1.0596
1.0779
-3.0164
-0.9604
-0.5263
-1.0847
-0.0257
1.1734
-2.8823
-0.1309
0.3669
-0.5291
-0.6652
1.9294
0.5905
-4.3894
-3.4101
-1.6249
-5.2087
-4.0529
-3.5124
-3.4794
-2.6792
-0.4566
0.5709
1.6354
-1.6881
-1.0466
0.1731
-1.7703
-3.1681
0.2157
-0.2042
-1.8323
0.5882
2.4934
2.0633
1.1204
-0.4158
-0.0790
-0.7546
-1.1746
-1.8192
-0.1364
0.3066
-2.9236
-0.6688
1.9157
-0.1804
-2.0417
2.2170
-2.8262
7.3762
0.0359
-4.1316
1.3093
-0.0396
0.6544
-2.6814
-3.8506
-1.8901
-0.9795
-1.4556
-3.0015
-0.6901
-1.7342
-1.7964
-2.4652
-2.4379
-1.9429
-2.3045
-2.6760
-3.8896
2.8065
-1.6547
-2.8848
-0.3806
-0.7696
-0.9496
0.4332
-2.2893
0.5551
-2.7648
-1.2978
-0.0795
0.8392
0.5161
-0.4960
-1.5717
0.0973
-1.1482
-1.4831
-0.1026
-1.0950
0.2765
0.3688
-3.2351
-1.8921
-1.6198
-2.0380
-1.1954
0.3462
-0.4530
3.1061
1.0771
-2.1015
-2.0925
0.6328
0.3647
-0.4261
2.6959
-1.6396
1.6382
1.2927
0.1186
-1.8301
-1.7968
-5.3634
0.1863
1.6367
0.5867
-2.2788
-2.7962
1.1207
0.1107
-4.1028
0.1781
-1.1118
-0.2786
0.6971
0.1915
-3.1398
-3.0743
4.1704
-1.6331
-0.0409
2.1445
-1.3908
-2.4270
-0.5936
-1.9585
1.5423
-2.7658
0.4795
-1.8782
-1.3841
-1.8264
-2.4053
1.0284
-0.9296
-1.7682
-2.1525
-0.7212
2.2842
-1.2292
5.4198
0.0364
1.1090
-0.7321
-0.6320
0.1000
-2.3471
-3.7085
1.4161
-0.1655
-1.6187
0.7033
-0.9686
0.1901
0.8086
0.5051
-2.9578
-0.7902
1.7619
-1.2297
-0.2936
-0.0953
1.0481
-0.7524
-3.0463
-4.5984
-3.0371
-1.4671
-1.0005
1.6025
-0.8632
-1.0343
1.3470
0.0582
-2.3388
-1.4974
1.6147
-1.1333
1.6375
-2.3459
0.0102
-0.6355
-3.8480
-0.7730
1.1532
-0.6233
-0.2841
-2.5053
-3.0079
-0.7939
0.8436
-1.0952
-0.2883
-1.0903
-2.5849


Weights 1->2:
-0.2808
-0.0286
-0.7234
-0.1588
-0.3468
-0.0198
-0.0502
-1.1928
-0.8188
-0.2483
-0.1876
0.2946
-0.3661
-0.8798
0.1655
-0.3968
0.3600
-0.7248
0.1978
-0.3279
0.1962
-0.0535
-0.4011
-0.1415
-1.1774
0.3753
0.5381
-0.0649
-0.1787
-0.1273
-0.1992
0.0953
-0.7895
0.3117
-0.3801
-0.3553
-0.8482
-1.1166
-0.2038
0.0875
0.3100
1.0170
-0.0645
0.2527
-1.5251
0.5171
-0.8002
-0.7032
-0.1062
-0.7873
0.1650
0.1902
0.7314
0.0568
0.4383
-0.0484
0.0681
1.0926
0.7578
0.2593
0.1038
-0.4287
0.4512
0.7814
-0.2913
0.1906
-0.4148
0.8198
-0.1590
0.3413
-0.2220
0.2148
0.4408
-0.1072
1.0645
-0.3668
-0.5542
-0.0109
0.1829
-0.0628
0.0553
0.1321
0.6748
-0.4739
0.3629
0.3672
0.9052
1.2523
0.3518
-0.0548
-0.3091
-0.8484
-0.1338
-0.2674
1.5461
-0.5343
0.6651
0.7154
0.2258
0.8135
0.1780
-0.0682
-0.1915
-0.0829
0.1082
-0.0685
0.1003
-0.0884
0.2229
-0.1636
0.0529
0.1215
-0.0423
-0.1203
-0.0584
-0.0035
-0.1229
-0.1211
0.0166
-0.0980
-0.0661
0.1347
-0.0786
0.0610
-0.0691
-0.1550
0.0313
-0.0037
-0.0533
0.0312
-0.0199
0.0716
-0.0626
0.0859
-0.0656
0.0908
-0.0131
0.0228
0.0101
0.0718
-0.0559
-0.0199
0.0011
-0.1349
-0.0485
0.1021
0.0133
-0.1378
0.0278
0.0266
0.0608
-0.0359
-0.2286
-0.0961
-0.0773
-0.1414
0.0566
0.0482
0.1295
0.1473
0.0327
-0.1341
0.0185
-0.0720
-0.0198
0.0095
0.2068
0.0590
-0.1112
0.0064
-0.0164
-0.1355
-0.0710
0.0785
-0.1220
-0.0211
-0.0166
0.2048
0.0054
-0.0871
-0.1460
-0.0106
-0.0167
0.1071
-0.0355
0.1783
0.1070
0.1073
0.1274
-0.0033
-0.0375
-0.0425
0.1477
0.0516
-0.1029
-0.0356
-0.0369
-0.0001
-0.1662
0.0537
0.1660
0.0543
0.0831
-0.1186
0.0278
0.1000
-0.0228
-0.0574
0.1010
-0.0422
0.1259
0.1592
0.1472
-0.0268
-0.1557
-0.1751
-0.0066
-0.0431
-0.0773
0.1180
0.0397
-0.0498
-0.0930
-0.0422
0.0542
0.1933
0.0395
0.0559
-0.0576
-0.1671
-0.1191
-0.0474
0.0022
0.0129
-0.0339
-0.0104
0.0835
0.1248
-0.0438
0.1786
0.0498
-0.0043
0.0754
0.1362
0.0514
-0.0350
0.0021
0.0561
-0.0162
0.0079
-0.0535
-0.0608
0.0363
0.2448
0.0226
0.1238
0.0417
0.1159
0.1022
0.0432
0.0716
-0.2316
-0.0139
0.0269
0.0038
-0.2172
0.0535
-0.0005
-0.1545
0.0477
0.0848
0.1065
0.0085
-0.0339
-0.1844
-0.0916
-0.0905
-0.0790
-0.1009
0.1275
-0.0858
-0.0943
0.1410
-0.0434
-0.1026
-0.1142
-0.0544
0.0187
-0.0790
0.0546
0.1627
0.2169
0.0857
0.0550
-0.1482
-0.0201
-0.0779
0.0317
0.0084
0.1976
-0.0529
0.0417
0.0879
-0.0059
0.0265
0.1007
0.0250
0.0090
-0.1263
-0.1818
0.0699
0.0432
-0.0564
0.2123
0.1058
-0.1785
0.1451
0.1223
0.0719
0.0147
0.1054
0.0067
0.0356
-0.0223
-0.0120
-0.1815
-0.0511
0.0015
-0.0921
-0.2234
0.1052
-0.0590
0.0255
-0.0533
-0.0014
0.1078
-0.1250
0.2250
-0.1331
-0.0255
0.0659
0.1111
-0.1467
0.1361
-0.1282
0.0661
-0.1594
0.2403
-0.1123
-0.0456
-0.0448
-0.1044
-0.1177
0.0508
-0.1210
-0.1453
-0.1036
0.0531
0.2263
0.0238
-0.0777
-0.0730
0.0788
-0.0967
0.0472
0.0091
-0.0032
-0.0146
-0.1003
0.1068
-0.1189
-0.0115
-0.1598
-0.0105
-0.1275
0.0609
-0.0792
-0.0071
0.0175
-0.0178
0.1414
-0.0497
0.0046
-0.1135
-0.0532
-0.0354
-0.1056
-0.0673
-0.1674
0.1204
-0.0800
0.0535
-0.0520
-0.0177
-0.2404
0.0270
-0.1063
0.0564
0.0005
-0.0742
0.0391
0.1214
-0.1387
-0.0011
0.0239
0.1088
0.0144
-0.0384
0.0433
-0.0231
0.0448
-0.1118
-0.0424
-0.0426
0.0743
0.1549
-0.1359
-0.0039
0.1837
-0.0404
0.1441
-0.0427
-0.0473
-0.0218
0.1161
0.0259
0.2348
-0.0638
-0.1133
0.1867
0.0620
0.2516
0.1770
-0.2007
0.0176
-0.0444
-0.1777
-0.0680
0.1463
0.0085
-0.0046
-0.1481
-0.0338
0.1959
0.1983
-0.0523
0.0991
0.0165
-0.0039
-0.0786
-0.1479
-0.1678
-0.0807
-0.0342
0.0500
-0.0121
0.1055
-0.0624
-0.0797
0.0404
0.1846
0.1148
-0.0173
-0.1348
-0.1384
0.0895
0.0045
-0.0710
0.0950
-0.0512
-0.0012
-0.0594
0.1260
-0.1788
-0.0778
-0.0728
-0.1161
-0.0085
0.1666
0.1051
0.0285
-0.1111
0.0184
-0.1637
0.0085
-0.1151
-0.0465
0.0199
-0.0784
0.0790
0.0324
-0.1335
-0.0038
-0.0959
0.1554
-0.0881
0.1628
0.2129
-0.1090
-0.0078
-0.0347
0.1091
0.0642
0.0566
-0.1925
0.1390
0.0784
0.0095
-0.1761
0.1880
0.1071
-0.0903
0.1846
0.0503
0.2430
0.0712
0.1198
0.0424
0.1589
0.0908
0.0171
0.0703
0.0168
0.1527
0.0822
-0.1393
0.1001
0.0631
0.0628
0.0900
0.0371
0.1692
0.0955
-0.0198
-0.2203
0.0016
-0.1151
0.0079
0.0802
0.0256
-0.0678
-0.1929
0.0600
-0.0245
0.1040
-0.0116
-0.0001
-0.0416
0.2062
0.0023
-0.0626
-0.0714
-0.0538
0.1071
0.0640
-0.0008
0.0733
0.0864
0.2018
-0.0178
0.0177
0.0452
0.1340
0.0796
-0.0378
-0.1385
0.0792
-0.0000
0.1318
-0.1452
0.0946
0.0834
0.1283
-0.0107
0.1419
-0.0100
0.0221
-0.0619
-0.2037
-0.0969
-0.0394
0.0064
0.0689
-0.0056
-0.0100
0.0197
-0.0174
-0.1479
0.0145
-0.0282
0.0061
0.0352
0.0042
-0.0528
0.0437
-0.0440
0.0457
-0.1082
-0.0056
-0.0146
0.0194
0.0911
-0.0159
0.1265
0.0078
0.0698
0.0024
-0.0720
-0.1155
-0.2318
-0.0176
-0.2125
-0.1100
0.0588
0.1882
-0.0317
0.1186
-0.0782
-0.0700
0.0577
0.1767
0.1931
-0.1577
0.0284
0.1986
-0.1034
0.1786
-0.0099
0.1229
-0.1285
0.1213
-0.0084
-0.1264
0.0514
-0.0485
0.0817
0.0118
0.0443
0.0070
-0.1155
-0.0549
0.2710
-0.0501
0.1716
-0.1049
0.0084
-0.0201
-0.1718
-0.0249
0.0505
0.0121
-0.0634
-0.0829
0.0959
0.0012
-0.0682
0.0842
0.1369
0.1801
0.0366
0.0780
-0.0744
0.0709
0.0878
-0.0725
0.2415
0.2117
-0.0502
0.2001
0.0696
-0.0571
0.0650
0.0069
0.0187
0.1718
0.0615
-0.0039
-0.1444
0.1682
0.0089
0.1283
0.0385
-0.0240
0.1581
-0.0195
0.1446
0.0821
-0.0228
0.0668
0.0311
0.0067
-0.0284
-0.0487
-0.0832
0.0560
-0.0039
-0.1211
0.0158
-0.1431
-0.0979
-0.0789
-0.0431
-0.0257
0.0803
-0.0065
-0.0142
0.0187
-0.0118
0.0502
0.0728
-0.0352
-0.0453
0.1810
-0.0805
0.0284
-0.0118
-0.1565
0.1764
-0.1360
-0.1267
-0.0647
-0.0431
-0.1905
0.1444
-0.0214
0.0680
0.1087
-0.1204
0.0965
-0.0837
-0.0589
-0.0081
-0.0743
0.0167
-0.1548
0.1046
-0.1193
0.0922
0.0274
0.0363
-0.1081
0.0589
-0.2079
-0.0275
0.0194
0.0614
0.1866
-0.0615
-0.0066
-0.0847
0.0776
-0.0845
-0.1140
-0.1016
-0.0028
0.0611
0.0580
-0.2033
0.0567
0.0347
-0.0532
0.2341
-0.0113
0.0361
-0.1067
0.1052
-0.1234
-0.0118
0.0321
-0.0643
-0.1646
-0.0770
-0.0426
0.0309
0.2159
0.0318
0.0401
-0.0727
-0.0680
-0.0526
-0.0110
0.0343
-0.1011
-0.0312
0.0422
0.2165
0.0526
0.1086
-0.1188
0.1271
-0.0190
-0.1103
-0.2128
-0.0378
0.1508
-0.0536
-0.0458
-0.0493
0.0243
0.1069
0.0344
0.1420
0.0527
0.0240
-0.0133
-0.1431
-0.0338
0.0548
0.1499
0.0836
-0.0968
0.0977
0.0015
0.0135
0.0025
0.1107
0.0546
-0.0131
0.1162
0.0236
-0.0638
0.1351
-0.1900
0.0478
0.1109
0.0501
-0.0882
0.1502
-0.1839
0.0337
0.0099
0.0793
-0.1164
0.1757
-0.1204
-0.1180
0.1396
-0.0811
0.1744
0.1561
0.0476
0.0520
-0.0330
-0.1059
-0.0532
-0.1725
-0.2530
0.0597
0.0528
-0.0578
0.0518
0.0175
0.0747
0.1331
-0.0592
-0.0915
-0.0135
-0.0135
-0.0413
0.0193
0.1020
0.1166
0.0425
-0.1367
0.0547
-0.2036
0.0702
0.1159
-0.0477
0.0538
0.0764
-0.0321
0.0801
0.0799
-0.0384
-0.0281
0.0384
-0.1921
0.0402
0.0880
-0.2064
0.1088
-0.0490
-0.1050
-0.0261
-0.1716
0.0672
-0.0234
0.0432
-0.0744
-0.0568
-0.1019
0.0068
0.0118
0.0766
0.1558
-0.0542
0.2169
-0.0151
0.1022
0.1224
0.0221
-0.1310
0.0434
-0.0750
-0.2245
-0.1330
-0.0623
0.0955
0.0807
-0.1188
-0.0094
0.2178
0.0138
0.1736
-0.0288
-0.0652
0.0317
-0.0616
-0.0018
0.0366
0.0968
-0.0230
-0.0162
0.2292
-0.1104
0.0209
-0.1312
-0.0498
0.1500
-0.1295
0.1339
-0.1376
0.0249
-0.0351
-0.0927
0.1277
-0.0070
0.1410
-0.0329
-0.1478
-0.0228
0.0330
-0.0627
0.0038
0.1062
0.1157
0.0671
-0.1080
0.0288
-0.0243
0.0693
-0.0936
-0.0361
0.1255
-0.0794
-0.0612
-0.0992
-0.0245
0.0131
-0.1363
0.0977
-0.0510
-0.0200
0.1157
0.0208
0.1028
-0.0106
-0.0264
0.0964
0.0249
-0.0886
0.0329
-0.0774
0.0176
0.0219
-0.0585
0.1923
-0.0586
0.1808
0.0392
-0.0076
0.0097
0.0976
-0.0801
0.1022
0.0650
0.0472
-0.1505
-0.0525
0.0542
-0.0667
-0.0175
0.0510
-0.1815
0.1010
0.0191
-0.0244
0.0600
-0.0540
-0.1702
0.0365
-0.0226
-0.0146
0.0832
-0.0118
-0.1775
0.0275
0.0956
-0.1319
0.0260
-0.0918
0.0072
0.0328
-0.0175
0.0763
-0.0836
-0.1324
0.0773
0.0949
-0.0321
0.0503
-0.2243
0.0264
-0.0466
0.0753
-0.0070
0.2257
-0.1511
0.0227
-0.0070
-0.1103
0.0492
-0.0511
-0.1257
-0.1916
0.0396
0.0904
0.0882
0.0287
-0.1201
-0.0322
-0.0993
-0.0143
-0.0444
0.0930
-0.0258
-0.1844
-0.0153
0.0589
0.0332
-0.0248
0.0356
0.0897
-0.1358
0.0122
-0.0910
0.0477
-0.0461
-0.0235
0.0381
0.0319
-0.0526
-0.0661
0.0404
-0.1590
0.0442
-0.0103
-0.1322
0.0668
0.1153
-0.0068
0.1685
0.0418
-0.1013
-0.2050
0.1236
-0.0411
0.0163
-0.0195
0.0106
-0.1605
-0.0573
-0.1445
-0.2321
-0.1562
-0.0044
0.0322
-0.0986
-0.1430
-0.0244
-0.0047
-0.1520
-0.0189
0.0285
0.1306
-0.1716
0.0661
-0.0666
-0.0019
0.0269
-0.1649
0.1159
-0.0622
-0.1573
0.0292
-0.2078
-0.0445
-0.0222
0.1754
0.0288
0.0487
-0.0256
0.0488
0.0273
-0.0223
0.0441
-0.0782
-0.0567
0.1098
-0.0216
0.0246
-0.2564
0.0836
0.1255
-0.0021
-0.0686
0.0543
-0.0672
0.0003
-0.0451
-0.0765
-0.1589
0.1236
0.0089
0.0396
-0.0552
-0.1832
-0.0890
-0.0948
0.0748
-0.0513
-0.1246
-0.0706
0.0595
-0.0070
0.2076
0.0473
-0.0659
0.1113
-0.0114
0.0444
0.2034
-0.0909
-0.0549
-0.0630
-0.0173
-0.0863
-0.1159
0.1268
0.1421
-0.0151
0.0786
0.1644
0.0660
-0.1079
-0.0175
-0.0183
0.0067
-0.1316
-0.0279
-0.1076
0.0783
0.1049
0.0017
-0.0718
-0.0227
-0.1434
0.1135
-0.0180
0.0734
0.0763
-0.0648
-0.0466
-0.0600
-0.0598
-0.0091
-0.0251
-0.0942
-0.0323
0.1875
0.0072
0.1117
0.0796
-0.0247
-0.0351
-0.1597
-0.1159
-0.0221
0.0286
0.0045
-0.0222
-0.0592
0.0718
0.1757
-0.0456
-0.1641
0.0975
0.0961
-0.1551
0.0260
0.0128
-0.0185
-0.0326
0.0238
-0.0092
0.1086
0.0681
-0.0558
-0.0573
-0.0686
-0.0022
-0.1510
-0.1031
-0.0791
-0.2036
-0.0116
0.0370
-0.0736
-0.0655
-0.0102
0.1970
0.0338
-0.0590
0.0904
-0.0423
-0.2028
0.1449
-0.0017
-0.0466
-0.0448
-0.0703
0.1896
0.2166
-0.1220
0.0977
0.1665
0.0930
0.2453
-0.1324
0.0025
-0.1185
-0.1976
-0.0859
0.0135
-0.0785
0.1346
-0.0588
0.0782
-0.0278
0.0575
0.0240
0.1687
0.0256
0.0355
0.1890
0.1437
0.1968
-0.0067
-0.1686
-0.0353
-0.1518
0.1118
0.0448
-0.0359
0.0474
-0.1075
-0.2340
-0.1392
0.1222
-0.0821
-0.0497
0.0011
-0.0273
0.0790
-0.1664
0.0580
-0.2132
-0.1388
-0.1405
-0.1462
0.0016
0.0269
-0.0017
0.0414
0.0917
0.0382
0.1247
-0.1522
-0.0991
0.0153
0.0557
-0.0296
-0.0289
0.0026
-0.0710
-0.1022
-0.0987
0.0058
0.1718
0.0216
-0.0269
-0.1235
0.0330
-0.0847
-0.0976
-0.0721
-0.0503
0.0547
0.0040
0.1572
-0.1319
0.0384
0.1949
0.0359
0.1028
-0.2129
0.0272
0.0477
-0.0036
0.0741
-0.0038
0.1183
-0.0889
0.0454
0.0240
0.0758
-0.0014
-0.0063
-0.0331
-0.2099
-0.0152
0.0242
0.0847
0.0993
-0.1167
-0.1608
0.1948
-0.0003
0.0087
0.1257
0.0079
-0.1765
-0.0891
0.1651
0.1219
0.1843
0.0392
0.0141
-0.1436
0.0627
0.2070
-0.0146
0.0164
0.1108
0.0142
-0.1495
-0.0045
-0.0523
0.0007
0.0216
0.1005
-0.0778
0.0109
-0.2487
0.1426
-0.0318
-0.0327
0.0347
-0.1299
-0.0179
-0.0035
0.0212
-0.2205
-0.1176
-0.0049
-0.0606
-0.0003
-0.0849
-0.2002
-0.1899
0.1088
0.0029
-0.0223
-0.0504
-0.0705
0.0315
0.2064
-0.0506
0.1084
0.1840
-0.1022
0.0504
0.0640
-0.1505
0.0582
-0.0674
0.1409
-0.0496
0.0958
-0.0528
-0.2134
-0.0893
-0.1594
0.0557
-0.0614
-0.0158
0.0320
-0.0184
0.0481
0.1315
-0.2583
-0.1124
0.0720
-0.0273
0.0391
-0.0992
-0.1107
0.1109
0.0152
0.0104
-0.0193
0.1237
-0.0100
-0.0565
-0.0661
0.1191
-0.0680
-0.1867
-0.1865
0.1285
0.0053
-0.0695
-0.0851
0.0991
0.0387
0.1724
-0.0158
-0.1937
-0.0800
0.0737
-0.1013
-0.1634
0.0751
0.1862
0.0426
-0.0167
0.0092
0.1096
0.0953
0.0817
-0.0209
-0.1318
-0.0273
0.1825
-0.0587
-0.1172
0.0263
0.2036
-0.0719
0.1133
-0.0122
-0.1434
-0.0496
-0.1159
0.0567
0.0071
0.0074
-0.0579
-0.0827
0.1530
0.0231
0.1260
-0.0016
0.0156
0.0636
-0.1149
-0.0366
0.0078
-0.1724
0.2184
-0.0382
0.1370
0.1121
-0.0401
-0.0371
-0.0377
-0.0588
0.0256
-0.0809
-0.6207
-1.2551
4.4878
-1.3760
-1.9054
3.9879
-2.7227
0.5287
1.0270
2.2159
2.6209
-1.5014
1.3721
0.1035
1.4630
1.3834
1.6223
0.3812
-4.3359
0.9950
2.0612
0.4829
2.4621
-2.1705
-0.6006
-4.7813
-2.6018
0.9658
1.5083
-3.1963
1.2955
0.7869
1.8013
2.1657
-3.3577
-2.4821
2.9689
1.8839
-1.3595
-0.9979
0.4699
-3.8129
-4.2522
-3.0552
0.0201
-2.3182
2.4061
1.5703
1.6199
3.0348
1.5731
-0.8686
0.6703
2.4512
0.0740
-4.5640
-0.9087
-0.3424
0.4102
-0.9238
0.3490
0.9662
0.4264
-0.1421
0.4411
1.8407
1.3489
-0.2457
0.5288
3.2240
2.9959
2.4730
-0.4165
2.2123
2.2191
2.2699
2.2339
-1.1852
0.0285
1.1551
0.8910
4.4993
-2.9016
-0.4850
-0.8874
-1.1066
-0.9440
3.8713
2.2358
-0.0462
-1.3728
2.5223
4.4871
2.2838
-0.3375
2.4450
-0.2814
-3.6616
-1.6566
-1.3076
-1.6862
-1.6395
1.5894
3.1217
-2.1584
-0.8714
2.4034
-0.9893
0.8994
3.0797
-4.5538
0.2284
0.5889
2.3057
0.8907
-1.1424
3.9484
3.0529
3.2007
-0.3980
-2.4952
3.4696
0.1870
-1.4692
0.2306
0.7587
-3.2108
2.6506
0.7084
2.0093
-1.3079
-2.3445
1.5631
-0.7910
-0.6000
1.1301
0.2227
-2.5873
1.5569
1.8287
0.7471
-0.5313
-1.0824
1.6347
1.4861
1.5505
-0.0026
1.4894
0.0925
3.5406
-2.1687
-0.4740
1.1500
2.2979
-0.0369
-0.4856
0.3186
-3.7420
3.0577
-0.0813
-0.4637
-0.9673
0.3971
-0.0866
0.9243
1.2057
2.9721
0.3485
2.9774
1.5348
-0.2915
0.2143
-0.9510
1.7543
-0.0109
1.0480
1.7783
1.7261
0.4123
3.4270
2.4599
0.5990
-2.4538
1.8383
-0.3959
0.4418
0.0685
2.3838
-0.4923
1.7418
0.8535
2.6099
4.0484
-0.5750
-1.4958
0.5069
-0.9230
-1.2115
-1.1766
-1.0977
-1.5259
1.2431
-0.5266
-3.4128
1.0752
-0.5145
-0.0981
1.0550
1.0670
1.6262
3.2919
-2.5657
3.4934
-2.7741
1.7840
2.3181
-0.0333
1.1465
2.1159
0.8422
2.8174
0.8207
-0.8566
-0.6514
0.4355
1.9561
0.5650
1.2610
1.3949
4.4001
1.0625
1.7184
-5.8661
0.1161
-1.0520
2.1218
-0.5146
1.9756
0.1540
-2.0619
1.3981
3.5627
3.6030
0.2213
-2.6721
0.1877
-2.2249
0.1530
-0.4533
0.4485
-3.8300
0.4601
0.6840
0.3941
-1.9097
0.4931
-0.9444
-2.6792
1.0407
0.3980
-0.2101
-0.2483
2.5761
-0.1454
1.1681
2.8765
2.1007
-2.1946
2.5933
3.2443
1.0776
1.6191
-0.7074
0.7855
-0.5827
0.8760
0.4487
1.1471
1.4288
3.1422
-0.6728
1.6775
-3.2239
-1.2225
0.9364
1.2987
2.7100
1.4448
0.6889
1.3761
-2.0200
2.3764
4.3110
1.1223
3.2826
-0.3680
-2.1022
-1.0166
-2.8520
0.0087
0.4671
4.6875
1.4846
1.3827
0.4824
-1.1281
-0.5670
0.5522
-0.4002
-2.4511
-2.8234
-0.2802
-2.2718
-1.7599
-3.6441
0.7455
0.3697
0.4687
1.9014
0.5007
-5.3881
-0.4407
-0.3738
-1.4529
0.6135
1.5113
2.8095
-0.1963
0.8988
0.6604
3.3675
-0.2359
0.8859
4.3976
-0.1411
-2.7917
0.8818
1.1513
-0.3739
-2.1872
-1.1688
3.4070
1.5591
3.9272
-2.4776
-2.3397
-2.4724
-0.7590
-0.5610
1.7900
-0.5231
-4.7736
-0.5033
-1.1755
1.4472
1.8469
-0.5870
1.8263
-0.5531
1.6444
-0.0798
0.9826
0.3335
2.5536
-1.6504
-3.4216
0.4687
0.6871
1.3367
-0.0480
-0.3438
4.5036
2.8802
-0.8951
-2.3610
0.8624
1.1878
-0.6589
-0.7473
-2.6166
-0.6697
-1.6124
0.5512
2.5166
2.0393
1.7835
-0.0272
0.5615
-1.4720
0.8887
2.9843
-0.3144
-0.0587
-2.0986
3.1071
1.7814
2.5526
0.7879
0.5449
-1.2202
0.9148
-0.0632
2.1972
2.1785
-0.7461
-1.5462
0.4447
0.2336
0.1609
1.7237
1.6773
-0.0137
1.3450
2.7676
1.1877
0.5152
-0.9150
-2.1323
2.3478
0.9492
0.2627
0.9781
0.4359
1.3599
-1.1355
-0.3327
0.0227
3.4953
1.2890
-3.0193
-1.4165
-0.6603
2.1020
2.3955
-0.5928
1.6589
2.2086
-0.2874
-0.6750
-1.0092
0.0901
-1.5499
-4.4327
-1.0549
-1.7907
-1.3061
-0.7804
-0.7201
2.3409
-0.4215
1.2058
1.2968
-0.9738
-1.7992
-0.8923
1.7655
-0.4369
0.3418
-1.8035
-1.4243
1.0637
2.6751
-1.1477
1.9331
-1.3067
-2.1463
-0.2686
-1.5202
0.7322
1.4318
1.3451
-2.6380
2.1638
-2.3668
0.6322
0.0974
0.8317
-1.9760
-2.7603
4.5113
-0.2252
1.5759
3.3843
0.5984
-1.2565
1.8345
-2.7051
3.9263
-1.9196
-3.4825
3.0344
1.3946
3.8036
1.9366
0.8268
0.6670
1.9689
1.0147
0.3371
0.4686
1.1104
2.1692
-0.4645
-1.4951
-0.0642
1.6353
1.8401
2.3707
-1.8121
1.2473
1.6393
3.0117
-1.9705
1.2936
2.5602
-0.8057
-2.1969
-0.0264
1.2715
-1.4572
-1.1810
0.5098
-1.2826
2.1906
1.9923
0.6833
-0.7194
-1.0287
0.8964
-3.1915
-3.1135
1.6176
0.5885
2.3317
-1.3283
2.3914
-1.4596
-1.7389
-3.8635
-0.4116
3.8700
0.8546
-2.9263
-1.7436
-0.6471
0.8968
1.7377
1.2005
1.0630
0.2420
-0.5583
0.0763
-0.7842
-0.2032
-1.7226
-0.4092
3.7442
0.6399
-3.2535
-2.2023
0.1880
0.2671
-0.1541
1.6320
-1.1853
-0.3063
-2.1645
2.9903
1.1720
3.8488
1.8978
-0.4110
-0.3482
-0.8538
3.1116
2.3602
-0.9607
0.9564
-1.1587
4.9410
0.8308
-0.2328
1.2123
1.5690
0.3009
-0.1592
3.1034
2.1004
1.1452
-2.0209
0.5105
1.3824
0.1852
1.3213
-0.7393
0.4694
0.0253
3.1648
3.0858
-2.0107
0.4154
0.7803
0.1472
-0.3888
2.1835
2.0908
2.2224
2.9054
-0.0680
-0.7627
0.2961
-0.9073
1.9008
-0.9774
-0.4068
-0.4888
0.6115
2.8204
0.3281
0.9634
-0.4296
-0.4208
1.5793
2.8014
-0.4042
0.3756
-0.7246
-3.0199
-2.0404
3.1823
3.3673
1.0304
-2.5254
-1.0316
-1.9270
-0.5814
-0.4013
-0.5851
0.2734
3.7589
-2.1407
-0.3941
3.6417
2.7540
1.3812
2.8983
-0.3000
-3.2866
-1.8889
1.3032
1.5426
0.3589
-0.0846
-0.1952
0.7992
-0.6340
0.7732
-0.2532
1.4076
-0.8660
-0.1305
-0.3448
-1.7406
-1.2193
1.8270
2.2705
1.4362
-2.3704
2.4015
-0.6179
-1.8540
-1.4260
1.7545
-0.4807
-2.3553
-2.0052
-0.2355
0.9646
-1.9385
-1.2019
-0.3038
0.0772
-1.0400
-2.3170
0.5871
1.7376
0.8382
1.2564
-0.9924
1.2210
0.0920
1.9540
1.4519
-0.7352
3.6141
-0.6409
-2.4202
-1.6248
-0.4995
1.7653
2.0705
0.9905
1.2016
2.0730
0.0428
-0.9668
-0.1310
1.3754
1.8026
-0.4184
-3.5399
-0.0021
-2.7923
1.9255
-1.7375
-0.6560
-0.8202
-0.7680
0.6765
-0.1605
-1.3873
-0.2524
0.4503
1.6660
1.7329
3.0746
0.7195
-1.2719
4.4750
0.0357
-1.1068
0.3183
0.9784
-0.9226
-0.9484
-0.4716
0.4581
-0.5577
-0.0595
3.0708
-0.7990
-1.9050
-1.6539
-1.4060
0.5732
-3.9412
3.2999
0.4941
-0.5090
-0.9399
2.4578
0.8315
0.4595
1.2292
0.5388
-3.1939
1.0976
-1.7259
-2.3630
2.1465
-2.5969
0.8386
-2.6632
-2.1666
-1.4852
-0.8224
-2.2926
2.6980
1.1017
-1.6606
3.0401
-0.8942
0.8647
1.5050
0.6335
1.5205
-1.7155
1.7737
-1.2222
-0.2335
1.9318
-2.4472
3.0465
0.4443
-0.5151
3.2129
-2.3957
0.4734
1.3879
-1.0996
1.4098
1.3997
0.6316
-0.8740
1.1720
0.3619
-1.0777
-0.0606
2.0535
-1.1510
0.3092
-0.0914
-1.3945
1.6678
2.0509
0.2039
-0.9978
0.8822
0.9411
2.2728
3.9496
1.6033
3.8672
0.3632
3.0123
0.8664
1.2913
-2.8900
1.4128
4.7188
0.3333
-2.0533
-3.4311
0.8198
-0.9832
-3.4027
1.6656
-1.8513
2.1929
-3.2248
-2.0049
-3.3052
-1.4262
-5.1777
1.4524
-1.2357
2.5625
-0.7039
-1.2008
1.3907
-1.4712
1.1569
2.3548
1.6236
0.8866
3.4221
-0.9598
-3.0659
-2.1158
0.4285
1.7198
-1.2931
-0.9563
1.2915
-0.8406
1.7047
1.0673
1.9397
-0.6727
-0.5708
2.9128
0.7102
0.4549
0.4275
0.7483
-0.9723
-3.1491
-1.1594
1.3816
-1.4303
1.3637
-1.0302
1.6836
2.0286
0.0003
0.5429
-1.9220
1.5850
-0.8046
-2.0300
1.9472
-2.8398
1.9188
-1.4927
-0.2550
-0.1095
-1.4150
-0.3705
1.5638
-3.1300
-0.2919
-2.9461
1.0304
-0.4182
1.0812
-3.7586
1.4930
1.0824
3.1085
-1.1579
-0.2363
1.8570
1.1760
-0.7012
-1.1361
-1.8230
-2.4140
2.1223
1.4981
-3.1352
1.8490
-0.5576
-0.4141
-1.0239
0.6898
-3.1915
0.2405
1.0682
1.3459
-1.4515
0.8876
0.6096
1.8744
-0.6516
1.3338
0.0665
-1.1062
-0.7716
-1.4385
-0.4349
-1.4812
-0.0719
0.4506
1.0885
3.1414
-0.0542
2.4683
-0.3272
1.6920
-2.7241
1.0537
0.9015
-5.0216
-0.6902
-0.2714
0.3767
1.0434
1.8336
-1.0702
-0.0114
0.7497
-0.3519
1.1287
-1.4956
1.7035
-0.4238
0.9518
1.4749
-2.3365
0.4878
0.4319
-2.0191
-1.1365
1.2139
-0.3792
-0.2814
-1.2036
1.1549
0.7509
-3.0560
-2.2076
0.6074
0.8607
4.2617
-1.5238
0.4541
2.2052
-0.3002
0.7274
-1.4392
1.8987
-0.7235
-1.2260
-0.7875
2.2208
-0.1074
-0.9928
-0.7772
3.4758
-2.0456
-0.2798
-2.2430
0.9723
0.4781
1.9194
1.7761
0.4589
1.4899
0.7560
-0.7648
-1.2885
1.8699
1.1027
0.5340
-2.4210
-0.4608
-2.3298
-1.6239
-0.3017
0.7759
0.4113
-1.9825
2.0910
2.2641
-4.9343
0.8274
-0.3220
0.8885
1.6694
-2.3586
-0.3902
1.8042
0.2506
0.9337
-0.6201
-0.2620
2.0898
-0.4188
0.8706
-1.7638
-1.7419
0.1864
0.8318
-0.7166
0.3577
1.6498
0.3311
-2.7440
-0.4764
-0.9086
-0.0438
-1.4134
-2.0400
1.0207
2.0814
0.4007
-0.9546
2.5691
-0.8483
-0.4026
3.4722
2.7192
-0.9659
0.0988
2.6645
1.3020
0.7000
-3.4260
2.9885
-0.6323
-3.1187
2.2111
-0.0862
-4.2723
-1.7034
1.4196
-1.6376
-1.3251
-0.3843
-3.1147
-3.8644
-1.5433
-4.1261
-2.0927
-0.0091
1.1931
1.2832
-0.3655
-3.0939
-0.2265
1.8107
-1.9967
2.3618
-0.6936
1.8230
0.9771
1.1259
-0.4759
2.9098
5.3059
-1.3607
-1.9208
-1.4152
-0.6858
-2.3995
-1.6758
2.3122
-1.6314
-2.8585
-3.2494
-1.2038
-2.6940
2.4852
-2.9347
-2.0034
3.1015
-2.3714
0.4678
1.0051
0.5679
1.2986
-1.9933
-1.3182
0.2713
1.6838
2.2049
-0.3058
-0.8913
0.4986
0.5436
3.8857
-1.6099
1.0306
-3.9741
-1.7383
-4.4932
-1.7139
-0.1917
0.7471
-1.5850
0.9735
2.5716
2.2901
0.7967
-1.3612
-5.5184
-1.8033
1.0235
-1.1443
3.7455
-0.5084
-3.9652
-2.2087
-1.8513
-2.0625
-1.5751
-0.4894
-2.4221
1.5064
2.7715
-0.4313
-2.2704
-2.2880
-0.1892
1.5598
-0.2760
2.5730
0.3234
1.1013
-0.8129
0.8412
0.9645
-1.3740
1.3300
2.7956
-1.8864
-0.3741
0.3155
0.3243
-1.0925
-0.7861
-3.0042
1.4677
-2.4558
0.6974
1.6275
-0.6052
-0.1027
-1.9122
-0.1505
-0.9522
-0.6162
1.0615
0.2064
1.1897
0.7301
-0.9541
-3.6134
-1.5481
-0.4983
0.4322
0.2079
-1.1630
0.4725
-1.0723
2.6988
0.6198
2.2793
2.3753
0.4532
2.3088
-0.4477
-1.2233
-0.3419
-0.1378
-0.8857
1.3893
-1.3893
-0.7721
-0.9558
-0.6803
-0.3134
0.6515
-1.6023
-0.3928
0.1669
-0.5845
0.0215
-0.4048
-0.4062
0.6038
-0.4871
-0.3511
0.0932
-0.2876
-0.9494
0.1623
-0.3252
-0.1931
-0.3556
-0.0297
1.7344
-1.0097
-0.7429
2.6442
-0.9164
-1.0801
-0.8663
-0.8688
0.6835
-0.7881
-0.7019
-0.9658
-0.5988
-1.5551
-0.4345
-0.9615
0.7213
-2.0822
-0.4550
-0.9822
-0.4807
-3.1689
-0.4916
2.0027
0.4060
-0.6759
0.3640
1.3437
-1.0887
-0.5135
1.5411
-0.8902
0.3750
1.1096
-0.5386
1.4769
-0.2659
-4.4760
-1.2530
-0.0407
-1.0651
-0.8330
-1.6945
-0.0447
-0.4420
-0.9631
-0.2362
1.5576
-0.3467
-1.3725
-0.7551
0.5721
-0.9396
0.7928
0.2886
-0.7866
-1.2269
-1.3368
1.0712
-0.3729
1.8225
-1.4083
-0.4344
-0.3572
0.1793
-0.4506
0.9637
1.6898
-1.0180
-1.5927
0.5727
1.2076
0.0226
-1.0674
2.0394
-0.2254
-0.3280
-2.1513
1.2896
0.7878
-1.2921
0.5500
-0.2984
-0.6586
-0.2681
0.0030
-0.7472
-4.6604
1.3633
0.8562
-0.1929
0.1534
-1.0426
-0.6471
-1.8427
-0.9476
0.1619
2.6604
-0.5697
-0.4027
1.5032
-0.0196
-1.4584
-0.9232
-2.5042
-0.0392
-0.6290
0.6388
-0.6848
0.1723
-0.9822
-1.2239
-0.9132
0.5950
-1.6046
1.2473
-0.8075
0.0335
0.3398
-0.6475
-0.8972
-1.0776
-0.3723
1.1943
-0.5023
-0.0874
-0.8606
-1.1668
-0.1443
-0.5902
-1.0191
0.9416
-1.0229
0.1795
-0.1168
-0.1108
0.7997
-0.5154
-0.8203
-1.0250
-0.4929
-1.9278
0.1379
0.1568
-0.7721
0.7097
-0.5366
-0.3201
-0.1607
-0.8740
0.0873
-0.7254
-0.2437
-0.3758
1.7546
-0.9409
-1.0323
-0.4037
-0.4319
-0.8141
-0.3531
0.4928
0.0296
-0.7638
-0.2920
-0.7458
1.9819
-0.6925
0.1610
-1.2527
-1.1048
-2.0207
-0.5522
-0.3501
-0.7392
-1.2737
-1.4708
-0.6701
-0.9835
-1.8857
1.5449
-1.2381
0.4874
-0.5996
0.8194
1.5190
-1.1949
-4.1294
-1.2694
0.0084
2.1732
-1.2504
1.5586
1.1510
1.3731
1.3086
-1.7077
-1.5268
-0.3363
-1.3295
-0.7656
0.7423
0.4556
0.5387
0.3540
-2.0502
-1.1844
2.3589
-1.2959
-1.6456
-1.2999
-0.7452
0.0258
-0.7569
1.3446
-0.7929
-0.6455
1.2665
-0.6688
-0.7540
-0.6452
-1.8645
-0.5771
-0.2938
-0.5259
-0.8737
-0.4003
-0.5234
-0.3302
-0.6031
-0.8640
-0.8979
-1.1126
-0.6034
-0.7697
-0.8893
-0.3366
-4.4531
-0.8846
-0.8447
-0.8554
-1.1207
-0.8774
-0.5512
-1.1435
-0.6950
-0.5862
-0.9550
-0.3001
-0.8693
-0.6078
-1.0460
-0.5606
-0.6500
-1.5528
-0.7008
-0.7998
-0.6336
-0.5356
-0.8395
-0.3467
-0.7003
-0.4985
-0.9220
-0.5759
-0.8620
-0.6359
-1.1517
-0.4386
-0.8610
-0.4543
-1.8509
-0.7695
-0.3135
-0.5129
-0.6887
-0.4090
-0.6313
-0.7132
-0.6474
-0.8536
-0.8628
-0.9933
-0.9305
-0.8986
-0.7250
-0.4131
-4.4662
-0.8416
-0.6498
-0.5877
-1.4237
-0.6993
-0.4386
-1.2194
-0.6435
-0.5122
-0.6740
-0.4607
-0.5979
-0.6071
-1.0702
-0.3466
-0.5726
-1.5604
-0.8275
-0.6253
-0.6816
-0.4856
-0.5730
-0.3959
-0.6505
-0.2986
-0.8193
-0.7503
-0.7427
-0.5075
-1.3556
-0.4551
-0.9083
-0.6441
-1.8220
-0.7550
-0.3780
-0.6179
-0.8821
-0.5272
-0.6849
-0.4382
-0.5279
-0.7625
-0.8714
-1.0189
-0.7563
-1.1504
-0.7149
-0.6558
-4.4318
-0.8612
-0.7659
-0.6378
-1.1979
-0.6092
-0.7760
-1.2878
-0.6003
-0.5285
-0.6198
-0.3984
-0.7292
-0.6848
-1.0015
-0.5587
-0.6185
-1.6638
-0.7290
-0.6527
-0.5341
-0.5227
-0.8483
-0.5572
-0.6448
-0.6019
-0.9186
-0.5638
-0.5530
-0.5235
-1.1313
-0.4454

Direct connections:
