version: 10
file format: 0

training data file: ../subwords/english/32.txt
validation data file: ../subwords/english/32_test.txt

last probability of validation data: -17709.533142
number of finished iterations: 11
current position in training data: 0
current probability of training data: -17677.499613
save after processing # words: 0
# of training words: 111345
input layer size: 70
hidden layer size: 40
compression layer size: 0
output layer size: 62
direct connections: 0
direct order: 3
bptt: 6
bptt block: 10
vocabulary size: 30
class size: 32
old classes: 0
independent sentences mode: 0
starting learning rate: 0.100000
current learning rate: 0.001563
learning rate decrease: 1


Vocabulary:
     0	       781	</s>	0
     1	     21350	â–	0
     2	     11009	e	1
     3	      8691	t	2
     4	      7301	a	3
     5	      6756	o	4
     6	      6154	i	5
     7	      5983	h	6
     8	      5753	n	7
     9	      5359	s	8
    10	      4388	r	9
    11	      4043	d	10
    12	      3977	l	11
    13	      2803	u	12
    14	      2230	w	13
    15	      2092	g	14
    16	      2000	c	15
    17	      1911	y	16
    18	      1735	m	17
    19	      1618	f	18
    20	      1214	p	19
    21	      1174	b	20
    22	       944	k	21
    23	       874	'	22
    24	       672	v	23
    25	       170	q	24
    26	       107	x	25
    27	       105	-	26
    28	        91	j	27
    29	        60	z	28

Hidden layer activation:
0.0003
0.0018
0.0008
0.0014
0.2818
0.0029
0.0153
0.0076
0.0029
0.0518
0.8595
0.0466
0.3972
0.2626
0.0596
0.0001
0.0011
0.0011
0.9814
0.3722
0.2223
0.0640
0.0843
0.3940
0.0091
0.6094
0.7847
0.0043
0.1266
0.0058
0.0204
0.0009
0.3141
0.0652
0.0080
0.0001
0.0122
0.0177
0.0400
0.7234

Weights 0->1:
0.4571
-4.9600
-4.0098
-1.4657
-1.8856
-0.4288
-2.1771
-2.2960
-4.0836
-0.8239
-3.7008
0.6244
2.1155
-1.5263
-1.5110
-0.4239
0.5695
-3.4147
0.2302
-0.1451
1.4390
2.8782
-0.1428
-3.2536
4.8506
-1.8841
0.4682
-2.2825
0.9320
1.9564
0.4432
-1.1659
-4.0523
-6.0988
1.9690
1.2955
-2.5171
-0.2452
-2.1312
-0.3042
-0.0400
0.4834
0.9075
-0.8568
-2.0395
-1.3034
-1.3466
-2.1304
-1.6541
-0.3454
2.6686
-1.5438
0.6628
2.3255
0.4443
1.0546
-3.0607
-0.5482
0.1138
-0.0211
1.4371
1.9097
-0.1957
2.6254
-0.0427
0.2235
-0.3384
0.2882
2.8716
-0.3501
-0.5525
-3.4053
-3.0107
-2.4792
-2.6168
-3.2887
-0.9676
0.0976
-1.0322
6.3885
1.7162
-0.5986
-2.8596
-1.0045
-2.4212
-3.7628
0.5330
-1.4027
-2.0466
-0.0748
-0.6039
-1.8803
1.7348
-0.8876
1.4361
4.1489
3.6845
-0.3849
1.8913
0.4748
-1.9259
-2.4023
-2.2136
-1.8944
0.6182
0.0987
-0.5310
0.0405
-1.1139
-0.7966
0.8120
-1.4719
-1.8343
-0.3312
-0.6007
-0.5211
-1.4870
-2.3238
-0.2402
-0.1874
-0.6814
-1.2899
-2.0991
-2.3827
-1.0747
-0.0247
-2.0894
-1.2664
-1.3572
-0.9592
0.8129
-0.5505
-0.3216
-1.2250
-1.0631
-0.1596
-1.2576
2.9200
-1.2799
-0.5023
0.2499
-2.8419
2.7666
-2.9091
1.4342
-3.1852
3.6448
-0.7553
-2.9676
-3.2340
-1.8327
-0.6275
-3.5292
6.2427
-4.0117
2.8204
-3.3896
-3.8311
-3.2429
0.4039
2.1080
-1.0707
1.5179
4.8570
-2.3887
-2.2706
0.2922
-0.3288
-2.5895
-0.3424
-2.9287
-1.0436
-0.2424
-1.1763
-0.8438
-0.7883
0.5608
0.4473
-1.1869
-2.2821
0.5486
0.9199
-2.3581
-1.2395
-0.1282
0.8338
0.4081
-1.9771
-1.9845
-2.0642
-3.7628
-2.1855
-0.3928
-0.4057
-0.1082
-2.1628
-1.9994
-1.6527
-0.7272
-0.5995
-2.4712
-0.0904
-1.9008
0.3619
-0.0521
-1.8009
0.9629
2.7938
-0.9678
-4.5714
0.7639
-1.6129
-1.0594
-2.4985
3.0844
-1.5008
-2.6333
-1.2292
-1.5513
-0.0033
-1.2093
-2.8576
3.7374
-2.2484
3.5805
-0.2251
-2.0215
-2.5355
1.5788
1.0740
-2.9367
-1.6105
0.7881
2.2810
-0.3720
-1.5460
-0.5970
-0.2235
-0.5723
0.0373
-4.1291
1.1575
0.9531
1.4416
-1.1724
-0.3251
-2.4902
-3.0831
-1.4412
-0.9159
-0.5078
-1.3943
-0.6002
-2.4643
-0.4896
0.8780
0.2757
-1.3992
0.3727
-1.3442
-0.3514
0.1488
-1.5128
0.7278
1.0676
-3.4621
-1.7838
-2.1556
1.0690
-0.6642
-3.0921
-1.1877
-1.9552
-3.5641
-0.6739
-2.2817
0.6045
-2.1848
-0.7507
-1.0291
-0.0269
-2.9665
-2.1270
-1.7909
-2.6670
0.5400
-0.5332
-1.5470
0.5337
-4.4201
-1.0951
-0.9591
4.7248
3.5936
-0.4814
4.7492
-1.7346
-0.4883
-1.4477
-1.9113
-1.8612
-2.1919
-0.2149
-0.4985
0.2390
-0.3732
-1.4726
-0.7534
-0.2439
-0.4528
-1.1031
-0.8029
0.8613
-0.9020
-0.5939
0.3938
-7.0722
-1.6130
0.6491
0.3341
-1.0720
-0.4265
-0.5223
-2.8271
-2.8123
0.6503
-1.3932
-1.9740
-3.8790
0.9429
2.5417
-1.1409
0.0088
-1.2987
1.4656
1.2344
-2.4340
-2.8769
-0.7205
-2.0923
-1.8437
-1.4415
-0.6176
1.3521
0.0732
0.0487
0.5737
-0.3773
-0.8862
-0.2708
-0.8997
-3.8763
-1.4685
1.0551
-1.0476
-5.1809
-0.3398
1.6237
2.4856
-2.3004
-1.3641
3.3113
1.8046
-2.8012
-0.2019
0.0259
1.9007
-1.9792
-0.8980
-1.2068
-1.0384
-0.2819
0.7586
-2.2974
1.6794
-0.8222
-0.0728
-2.3174
-0.2350
2.2617
-1.4467
-1.2198
-3.5326
2.0865
-0.6453
0.6087
-4.1431
-1.1621
1.3397
-2.9948
0.4809
-2.8583
-2.0921
-1.8514
0.4098
2.8855
-1.0653
-1.8582
-0.4474
-1.6604
1.8551
-2.0514
0.4126
3.0303
0.1210
-3.9579
-0.5515
0.0187
-0.4436
-1.5754
1.1695
-3.7855
-0.4511
-0.6168
0.5488
-0.8818
-1.1316
-1.4026
-1.4474
-0.8093
-2.9207
9.0098
-4.3215
-2.2894
-2.1276
-1.6390
-2.5141
-1.8726
-3.9962
-1.2584
-2.1206
-2.4654
-2.3244
0.1809
-1.7091
-3.4702
-0.7510
-1.7651
-0.5470
0.1846
-0.5561
-1.6994
-1.8691
-3.4784
-2.4490
-1.8417
0.6488
4.3831
0.1142
-0.7785
-1.7354
0.4141
-1.4618
-1.3607
-2.0308
-0.0600
-0.5894
-0.1782
0.1263
0.5077
-0.3824
0.5541
-1.2447
1.3722
-1.3099
-1.0733
-1.6177
-0.8783
0.1233
-1.2840
0.2053
-0.8702
2.0365
-0.7550
-0.6234
0.5058
0.5222
-0.2558
-0.4102
0.1378
-1.8022
-0.7006
0.0476
-2.0615
-1.6272
-0.9436
-2.3771
-0.7907
-0.8493
0.4241
-0.7530
-4.8025
1.8535
-1.1744
-4.0340
-2.3924
-3.0016
3.4438
1.6209
-3.0696
-1.8852
-1.9887
1.9452
-1.0780
-0.2978
-1.6951
1.1099
-0.9641
2.8687
2.4172
-0.8054
2.2701
1.0001
-3.6248
-0.4805
-1.9263
0.0242
-1.7239
3.3518
1.7468
-1.9822
2.2869
-3.9351
-2.1837
-3.8889
1.9620
-2.3388
-1.4803
0.0103
-3.1068
-0.1727
0.4371
-0.6133
3.4659
0.4440
-0.3531
-1.9120
-0.0070
-1.9691
-1.1293
-0.7560
-2.6200
-0.9696
-3.7747
1.1924
-0.4192
1.4295
0.3545
-0.8657
-0.4211
2.4103
-2.7894
-0.7876
-0.8890
-0.5464
-1.9726
1.7332
0.2087
-2.3023
-2.5160
1.4504
-5.1466
-2.6560
-0.6215
-1.2438
3.0457
2.6156
-0.5708
-0.4054
-2.5841
-1.5663
1.3207
1.8842
-1.8477
2.0357
-2.3356
-0.6360
-2.3048
-0.6280
3.1748
-1.8609
-2.5743
1.6105
0.6466
-0.0860
0.4583
-1.0019
-1.0433
0.8472
0.6513
-0.1747
-1.0346
-2.1929
-3.6943
-0.3397
2.0733
-4.7043
0.2343
0.6736
0.6855
2.3265
-2.0073
-4.6196
-0.1011
-2.7933
2.0613
-3.2089
0.7663
-2.8147
-1.0053
1.5505
1.3400
-1.3478
0.9628
0.4611
-1.6524
0.8727
-0.2103
0.4946
0.5895
-0.2293
0.2059
-1.9213
-2.7372
-2.6956
2.8267
1.5762
-0.0987
-2.1672
-0.8898
0.8371
-4.7038
-0.2159
-3.6434
-2.0179
1.2194
-5.0277
-3.2094
-1.0290
-1.6938
0.9846
-0.7531
0.7848
-0.4846
2.2734
-1.7250
-0.3892
-2.0761
4.1847
-1.0790
-0.8655
-0.8705
-0.9179
1.1700
-1.6222
-0.3482
-1.1094
-2.4780
0.1627
-0.9684
1.0239
-1.7610
-0.0823
1.7755
1.7721
1.7472
-3.2176
0.7536
-0.1326
-2.9364
-3.1864
1.6566
-2.8965
0.4729
-2.1730
0.9236
-0.2107
-2.4903
-1.5249
-0.0792
0.3492
-0.6749
1.6374
0.4320
-5.6314
-1.5835
0.4607
-0.2994
1.1373
-2.3535
-5.3848
1.6092
1.4358
-0.5282
-1.1404
-1.6650
-2.0619
0.2754
-2.3639
2.1077
0.5236
-1.9095
-1.1314
-3.2636
-1.7266
0.1985
0.1911
-1.9412
2.6316
0.7558
2.9191
1.4932
-0.8964
-5.0081
-0.6211
1.2857
-1.4839
-0.7524
-1.8577
-1.0326
-1.4553
-1.1276
-0.7755
1.2778
-1.5455
-1.0404
0.6446
-0.4095
0.3267
-0.5866
0.0155
0.6143
1.0223
-1.9269
-1.4584
0.1460
-1.9578
0.8140
-1.8710
-0.5398
-0.9216
0.0335
0.6426
-2.1899
0.5239
-0.9853
1.1374
-0.3150
-3.0970
-2.8987
-2.5983
-2.3996
0.2343
-1.4763
1.0649
1.0283
2.1692
-1.8544
0.5773
-3.0354
2.5253
1.2596
-1.8424
1.2465
-2.3068
0.3036
2.7495
-2.6909
-2.6838
-1.7143
-0.3590
-3.7771
0.5971
-1.8905
-1.5245
-3.3963
0.9927
3.2977
-3.2968
-1.5665
-3.8425
-1.0640
-3.1614
-1.3716
3.5516
-3.3757
-2.6800
-1.1331
3.1804
-1.0913
0.1771
-0.9362
5.0482
-4.4485
5.1044
-2.0141
0.5655
-1.1633
2.1994
-0.8600
-2.1309
0.3080
-1.3678
-1.4864
-0.9597
-1.3563
-3.2196
-0.7019
-0.4576
0.6231
-1.1253
-0.3296
-0.9708
1.2833
-2.5549
-1.7602
-3.3661
1.9238
-0.2682
-1.7382
1.6203
-2.1499
0.9248
1.2437
1.0111
2.9464
1.5773
0.3148
1.3473
-3.0040
-0.7565
-3.3847
0.2392
1.3450
-0.4299
2.4569
1.0652
1.0405
-0.5818
-2.4712
1.1619
-3.7789
-3.3266
-2.0295
3.5067
0.8184
0.2579
-2.3200
2.5381
-2.2783
0.2594
-1.8439
-1.8352
1.2107
-1.5840
-1.9827
1.6068
-1.5832
1.1893
0.6505
2.1478
-1.1875
-1.6515
0.6278
-1.7490
1.4938
0.7102
-0.3560
0.0940
-0.6100
1.5708
2.3257
0.8083
-1.4710
-0.8852
1.7943
-3.1921
-1.9166
0.7091
-1.5831
-0.2335
0.6401
-0.5347
-0.1643
-2.5953
-1.9727
-1.3127
-4.9302
-2.0579
0.7295
0.5075
-0.0216
0.2920
-0.5536
0.9092
-1.4362
-2.9139
-1.2358
-1.0789
0.5463
0.4470
1.0464
-3.6183
-0.1457
-1.0336
-2.7599
-0.5897
-1.9806
0.3885
-0.6066
-0.9087
-1.9585
-1.9704
-1.1492
-0.8299
-3.9439
-4.0695
3.2794
0.7970
-2.0147
-3.4788
0.3467
1.5055
-2.0255
-3.5933
0.6381
2.5245
3.4694
-2.6011
2.2676
0.4575
-4.3903
-0.4137
-3.4802
5.2720
-1.9351
-0.3758
0.4698
0.3976
0.4328
-4.2276
-0.7008
0.1093
-2.7956
-2.3420
-3.2765
-0.9251
0.4526
-1.7944
-0.6297
0.3822
-1.7987
-0.7329
0.5836
-2.5645
0.9609
-2.7412
0.6223
0.5292
-0.8955
-1.2515
-1.8715
1.5777
-2.1266
1.1369
-3.3826
0.5332
-1.9806
-1.5675
0.2981
-2.4558
-0.6941
0.5457
-1.8338
-0.1967
-2.9065
-2.6071
-0.5080
-4.0500
-1.8517
-0.0878
-1.5938
-3.4847
1.4183
-3.2261
-1.6424
0.1785
0.5799
2.2805
3.5178
-1.5093
-2.3316
-3.1760
2.9284
0.5332
-1.6884
-1.5894
-0.7797
-2.4740
-2.3977
-3.2464
-1.8847
-0.0537
-1.8625
-1.9370
-2.4485
-0.3731
-0.1321
-0.6079
0.0621
-0.9892
-0.1943
0.2276
-2.6310
0.1040
-0.3494
-1.5358
-1.5718
0.9903
-2.3441
-4.4213
-1.7473
-0.2116
-1.5112
-2.6326
-0.4394
1.6152
-1.1712
-4.2674
0.1384
2.7497
-2.7352
-1.9626
-1.0699
2.0996
0.1957
0.1745
-4.0899
-0.0170
-1.6044
1.4499
-0.7752
-1.6434
1.5555
-2.1035
0.5093
0.3616
-4.4469
-2.5237
-1.6814
-0.9676
-4.0432
-0.0906
4.4048
-2.8732
1.7546
-3.4145
-3.3456
-2.6216
-2.5465
-1.7721
-1.1807
-1.9078
-1.9386
3.9442
-0.8179
1.4384
-0.5522
-1.9427
-1.0099
3.0425
-3.5130
2.5707
-2.5377
0.4502
0.5748
0.2096
-0.3939
-0.7139
-0.5508
-2.2040
-2.3208
-2.2072
-1.5568
1.5275
-0.8822
-0.2367
-1.2306
1.4518
-1.4445
-0.9046
1.7181
-2.5775
-1.1649
-0.9805
0.5746
-0.0334
1.6502
-0.5588
-3.2654
-5.0556
-0.9579
-3.2912
-2.4213
-0.1175
-1.0046
-0.0580
-0.2103
-1.8515
2.3109
-1.7951
-2.2207
-1.5091
0.2958
0.9301
-1.1346
-1.3266
-2.2734
-2.4492
-3.4784
-1.5068
-4.1086
-6.1530
1.0722
-8.0821
-4.6099
-5.7999
-0.7990
-0.1217
-4.8509
1.6561
2.6838
2.6472
-5.7311
3.2725
5.1919
-3.0160
-2.2188
-0.4224
1.4932
1.9407
3.3347
-4.4895
-1.9686
4.3206
1.3441
1.0723
-2.0524
-0.0081
0.3099
0.2200
2.1899
-1.4162
1.2702
-3.7777
-0.2655
2.1143
1.4475
0.6734
-1.3447
0.3525
-0.5812
-1.1872
1.4245
-0.3258
0.7182
1.5288
-2.0598
-1.6156
-4.4631
-3.8854
-1.9761
-2.8504
1.9328
-2.6220
-0.2417
-2.2257
0.1249
0.7732
-3.5364
-1.9256
-1.2141
0.1227
-4.0679
-0.3011
-1.3010
0.6333
-1.7076
-0.0528
0.6205
-0.3000
-2.2935
-1.2878
0.7527
-0.2221
2.9415
3.7356
-1.3818
-2.7683
-2.1374
-2.0682
1.2142
-3.1902
2.1598
-3.5912
0.2921
-1.3448
-2.4409
1.8096
-3.1314
-1.4041
0.3319
-1.9440
-3.7772
-2.4464
2.4211
-0.5326
0.2629
0.4409
-0.3054
-2.4490
-2.6949
1.5881
-1.3677
-0.0372
-1.4021
-0.4484
-1.2874
-1.3931
-1.8754
-1.0380
-3.3118
-2.0464
3.2000
0.3996
-0.7433
-2.9658
-1.8780
-2.4236
-2.7472
0.6434
-0.6466
-1.2605
1.5796
1.2028
-1.4067
-1.0989
-2.2579
-1.5720
-1.0620
0.2260
-0.2450
0.1878
1.2512
-0.0274
-1.7693
1.5637
-1.8823
-1.3647
-4.8606
2.3329
-6.2414
4.9924
-1.1852
-4.9433
-1.3559
-4.3540
1.0146
4.6457
1.6335
-0.9249
0.1910
4.3455
-2.7499
1.5573
-2.6788
-2.1922
3.4613
-2.4209
-0.6385
-1.6375
-5.2000
1.6940
-4.0364
-3.8838
-2.3700
-0.5724
-3.3207
-1.0536
-1.4562
0.2539
-2.7050
-0.9421
1.3727
0.3637
-4.6545
-5.2065
1.8979
0.9150
-1.1672
1.0268
-1.3893
1.2698
-0.4507
0.4383
-1.8987
-1.6850
1.9257
-0.6982
0.2218
0.0772
0.9321
2.0471
-1.6311
-0.4914
-2.3493
0.9844
-0.4519
1.1293
1.4307
1.9848
0.9816
0.4828
0.3333
2.4348
0.7051
1.1259
1.0284
0.8982
-1.3637
-0.2368
-5.6359
2.8298
-1.9222
-4.0185
0.4426
4.9789
-2.4591
-2.7797
-2.7788
-5.2515
1.2417
-1.2733
2.7874
-1.5215
-1.4623
-3.7840
-0.2875
1.6957
-1.5342
0.2792
-0.8525
-3.2119
-0.9770
-1.5528
-1.2481
-1.3400
-2.0735
0.1235
-0.0677
1.5078
-0.3455
0.7875
-0.5756
-0.5709
0.1894
-4.2467
0.8467
-0.8982
1.1129
-0.2378
-0.6074
-1.7393
1.4583
1.8404
-0.5560
0.4074
-3.7305
0.0980
-1.1015
0.2136
-0.1216
0.1887
2.2996
-2.3912
3.0017
-0.2666
-1.8092
-0.9533
0.5325
-2.6518
0.0008
1.5751
1.0130
2.0106
-0.4578
-5.0875
-1.7116
-1.1020
1.1518
-0.7069
-2.4874
-1.2253
-5.3356
1.3278
-1.6392
4.4471
-1.7116
-2.1068
2.3757
-3.8392
-2.6975
-0.4705
7.7535
-3.8004
-1.5773
-0.0795
-0.6833
-2.3713
-1.9231
-2.9861
-0.8189
1.2828
7.4107
-0.6098
0.0875
-1.9132
-0.4672
0.3059
1.5518
-3.5030
-1.7400
-0.2319
0.2627
0.0259
-0.8064
-6.2638
-1.1125
-0.7339
2.6638
-1.2532
-0.5363
-1.2860
-0.6453
0.5349
-0.1367
0.3942
-0.0421
-1.6953
-2.9609
1.1231
-0.8394
3.1313
-0.0663
-1.4603
1.1659
-0.4401
-2.8485
-1.9190
-0.6469
-0.3358
1.8067
-1.3642
3.5337
-1.7271
-1.1645
-2.6701
0.0164
-0.6527
-1.4105
-0.9704
-3.5275
2.8384
-3.5119
7.4042
3.9056
-0.0013
-2.0278
-0.9667
-3.2181
-5.0037
-0.8994
0.2375
-2.5129
-2.4218
-2.4177
-3.2616
-2.6069
-4.7736
-2.1009
-0.5730
-0.3916
-1.6553
4.9132
-1.9273
-0.0735
-1.6040
-2.2927
-0.6026
-0.6004
-2.6457
-0.6400
2.5045
0.7943
-1.7344
0.1966
-8.3796
-2.2953
1.3292
-1.7537
-2.6233
1.6741
1.2351
1.1286
-2.7065
-3.6263
-4.1404
0.3536
-0.6104
-0.3361
-0.3467
0.9486
1.2687
-2.8771
-0.5912
-4.0651
0.9027
0.5925
1.2537
1.2040
-1.0321
-1.8469
-1.7414
-2.1113
-1.8896
-0.5932
1.1619
-0.3907
-1.6644
-0.2901
-0.4353
-2.1752
4.3985
-1.9179
-2.4885
-4.9618
0.1339
0.6628
-0.3865
-1.3655
2.7724
-2.6755
-1.7068
-0.3822
-1.7224
-1.8115
3.5588
-2.8283
0.5416
-0.6139
-3.4824
0.9587
-1.6625
-2.1588
-1.6660
-1.4559
1.6314
-0.3068
-1.4400
0.1626
-2.4659
-1.8163
1.6842
-1.0482
-1.7805
-2.3913
-1.1022
-0.9443
-1.6648
1.4700
-0.7855
-1.6041
-1.8251
3.0750
1.8556
0.3198
0.4616
-0.0261
-2.8459
-1.0913
-2.6155
-2.3306
-2.0010
0.2621
-0.5948
1.1588
0.9533
-3.1890
2.7379
-0.9309
-1.9103
-3.2577
-3.2847
-0.8983
0.6939
3.9185
-2.3651
-2.4258
-3.9497
-0.6863
0.2061
-2.3838
-2.7022
3.1544
-0.8916
-2.6510
3.5844
-0.0661
-0.3057
-2.2502
-1.0679
1.3454
-2.3110
-2.3046
-0.8931
-1.9465
-1.1941
-2.0457
-1.7429
4.6458
-1.3268
-1.5082
0.5785
1.2523
4.3684
-0.8174
-1.2904
0.0536
-1.2497
-0.5248
-0.8431
-2.4371
2.2197
1.9317
-2.5142
-1.4590
-2.0808
-2.8703
-0.9157
-1.0609
-0.2140
-0.0946
-1.8954
-3.6072
-0.3093
-0.2566
-0.2226
-2.1063
-2.8934
-1.1770
1.7737
-1.6093
2.0479
-2.6494
1.2378
-0.3642
0.5758
-3.9314
-2.8289
-1.0602
-1.4538
-0.6478
-2.7863
-0.5027
-1.7475
1.0741
-0.0762
-0.1685
-1.6318
-2.7594
-2.3863
2.7166
-5.2121
-2.4911
3.5007
-1.2300
3.3140
-1.3019
0.3478
-3.5086
-0.3932
-1.9722
-3.2442
-1.6554
-0.0286
-2.1391
-0.8633
-3.8117
-1.6586
-3.7032
-2.2341
1.3392
-0.9405
-1.9850
2.1302
-0.9203
-0.3141
-1.9360
-0.1623
-0.3610
1.4113
0.3169
-3.5410
1.6524
1.0029
-0.7859
-4.8075
-0.7838
-0.4430
0.3136
1.1055
0.0341
-1.4475
-0.8386
-2.0492
0.0406
0.9618
-2.4098
-1.0896
-1.0051
0.7983
-1.8872
-1.7783
1.3394
-2.6224
0.9958
-0.6603
-1.2714
1.6290
0.4474
0.6571
-0.1859
0.0881
-0.6055
1.6551
-1.3615
0.3079
-0.1516
-0.9042
-0.4849
-0.8957
-5.0903
2.1444
-4.5497
-3.7638
-2.8449
-5.2521
0.2319
-0.7690
-3.2295
3.7186
-1.4586
3.5671
0.5483
-1.9252
-1.1065
-2.8480
-1.3944
2.4688
-1.9766
3.4677
1.0109
3.8059
-2.7923
-3.0206
3.1065
1.1253
-0.0160
0.4326
0.3679
-1.4639
3.7170
2.2153
1.6429
-1.8135
-1.3542
0.7561
-1.7937
-0.4026
-0.2297
1.4337
-3.6229
1.6523
-2.2073
-2.9376
1.6253
-2.4334
-2.4113
-3.2941
-0.4734
-3.1837
-0.4815
2.0933
2.1459
-1.9653
0.1208
3.7258
-1.5089
0.5334
-0.5270
0.1138
-3.3557
-1.2418
-1.6632
3.7412
3.0322
-0.1642
0.5595
-3.4035
-1.2273
-0.0448
-3.0919
-1.8641
-0.3171
1.5097
-3.2733
-1.6450
-1.5004
4.1100
-3.0998
0.7026
0.6506
3.2631
0.1682
-2.1853
-2.5520
-1.3399
-0.9492
1.0496
-1.4324
0.3013
-0.0687
-0.8166
-0.6528
-1.2334
1.3861
1.3303
-0.0260
-0.0065
-1.1392
0.1396
3.3450
-0.6272
-1.7005
2.7403
0.3572
-1.1827
-2.0600
-3.1730
-3.2765
1.7094
-0.0493
0.4503
2.3705
-1.2248
-1.8880
3.1748
-0.1320
-0.2659
-1.9563
1.7648
-1.2716
-3.0724
-3.2774
-2.3772
3.8177
-0.9339
-3.5308
0.8077
-2.4363
-1.6352
-2.0276
2.4323
-3.0363
0.0990
-0.4200
-2.7841
-0.8918
-2.8578
-3.7463
1.4915
-9.0083
-4.8948
2.8237
-1.3358
-1.3196
-5.8676
-1.8302
-3.6325
-0.1745
2.9683
2.4379
-1.5604
-4.7008
-3.2508
0.2181
-3.7403
5.0600
0.7935
-2.0803
-1.2874
-0.0120
2.8959
-2.7222
-0.3682
0.0506
0.9641
-4.2224
-1.0648
-0.2797
0.9140
0.9389
0.9042
-2.2771
0.2201
0.7001
-1.9146
-2.2204
2.4393
3.2563
-0.0903
0.7761
0.8702
0.1003
1.3528
-0.4996
0.8139
0.8568
0.7808
-0.5019
-1.8442
3.1407
-2.7064
1.3753
-1.0880
0.5382
-1.4003
0.1603
-0.5797
-0.4814
0.5880
2.3509
-1.1397
1.5717
0.3178
0.1080
-3.0813
-0.7416
-0.7495
1.0034
2.6538
-2.0233
-3.1421
1.5584
-2.8639
-2.5620
-0.0086
-1.2090
0.1240
-2.1639
3.1568
-1.5892
4.0163
-2.3234
-1.4687
-1.9166
-2.0560
-0.3536
0.3174
-1.0673
2.6854
-1.0502
2.5516
1.2567
2.3328
0.4743
-0.3213
-0.9062
0.3858
0.0526
0.4907
-1.2771
-0.8754
-1.2019
-0.7281
1.0112
-4.4151
-1.9477
-0.0128
0.7722
-2.6737
0.4016
0.2303
-0.6001
-0.7759
-1.0163
1.3640
-1.7080
0.9550
-1.4360
0.1142
-1.8069
0.0561
0.5940
0.2936
-0.1440
0.3142
-1.8907
-0.7183
-0.7943
-0.6039
-1.2694
-0.7640
-0.4696
-1.6873
0.9145
0.9392
-0.8297
-4.7223
1.0440
2.5102
-5.4173
1.2710
0.0945
-0.2602
-0.1346
-4.5669
-1.6486
2.8484
-1.2095
-1.7584
-0.8942
-3.4174
-0.1062
-1.8461
0.3929
-1.9001
1.7141
-2.4747
-1.3647
-1.1746
2.2307
2.1399
2.4978
-2.2300
-0.8597
0.7776
-2.3795
-0.6194
0.1665
0.8563
1.3802
-2.6975
-1.2002
0.4715
-0.4428
-2.1999
2.4085
-0.1488
-0.9806
-2.5204
-0.2402
1.2916
1.2706
-2.4070
0.9276
-0.4722
-1.7599
-0.4777
-2.2243
2.6694
0.8962
-3.8522
0.8144
-3.1092
-2.0309
-0.8843
-0.0174
1.2386
-0.7764
1.8087
0.9495
1.0798
-0.9072
-0.2425
-1.5805
0.1585
-1.9522
-2.1952
-1.0329
3.9458
-4.9076
-2.8899
-0.8859
-3.4649
0.2260
1.4144
-0.7654
3.6841
-1.3126
-3.9388
-0.5476
-4.6811
-0.7026
0.3071
3.9734
-1.2890
-1.8959
0.1273
-1.2031
-2.6876
-1.5651
-0.2743
-2.7182
-0.8541
3.0024
1.4651
-3.0485
1.3742
-0.5750
-1.5522
1.1306
-2.5252
1.5236
2.4625
-1.1163
-3.2309
-1.8972
-1.4925
-0.4763
-3.6781
0.7671
-0.0537
-1.0294
-3.5304
-1.1686
-0.6128
0.2887
-0.4657
0.6819
1.1690
0.7379
-4.5925
-3.1729
0.4670
-0.7649
-0.3098
0.7796
-2.1568
0.0526
-0.6985
1.0949
0.6680
-0.0316
-1.0496
-2.1122
1.2965
-0.1759
-1.0338
-1.9746
-0.2431
-5.5465
3.4957
-3.7597
-0.2214
1.5079
2.0881
-3.2086
-3.6592
-3.4369
2.8208
-1.7046
-1.2323
-0.7669
-0.7504
0.5641
3.8402
-1.6947
-3.0391
-2.7830
-2.2949
-4.3037
-0.5315
-2.1469
2.2209
-1.3879
-0.5164
-3.1567
0.6480
-0.5084
-0.0657
-3.1040
2.6079
-3.5081
2.4677
0.1675
-5.9069
-0.3944
-3.1394
-1.4842
0.5168
0.8657
2.8779
1.4078
-4.2798
-0.0039
-2.4720
-1.1877
-2.0072
0.9948
0.3830
0.9727
0.2973
-1.7870
0.0089
-4.5356
-0.9658
0.2112
1.4214
-1.8061
0.0054
-0.3270
-1.3156
0.3528
2.2693
0.6851
-0.7567
-0.1164
-1.9617
-2.0623
0.1054
-3.9383
-2.7375
-4.0470
-4.1506
1.0928
6.8581
-2.4323
0.8326
-0.8797
3.3565
0.3916
-1.6865
-1.6206
-3.7294
3.3558
0.7878
0.3090
1.3538
1.4614
-3.3662
-1.9826
-2.2063
-0.2403
1.6124
-2.2859
-0.7947
-0.6001
-0.5448
-0.1648
-0.4816
0.7502
3.5710
0.8211
-3.1191
-5.5317
-0.8464
0.7487
0.8998
0.5618
-1.1711
-2.8340
-0.6632
0.7295
-1.6562
0.3655
-1.3373
-0.8940
-4.0996
-0.1746
-3.0253
0.5595
-1.8797
0.2487
0.2499
-0.1580
-1.2596
-1.9611
-0.4719
-1.1783
-2.0126
-1.0964
-1.7251
1.8868
0.8440
1.3327
-3.2878
2.2768
-0.2398
-1.4182
-0.7642
-2.4383
-1.4969
1.8625
-3.0777
5.7597
-1.4581
1.0715
0.3746
0.7799
-2.3200
-3.6411
-0.4648
2.7051
-2.1860
-2.7150
0.3044
-2.8863
-1.8939
-1.6379
-1.4508
-0.9984
-2.5887
-1.8544
-3.5409
0.5858
-0.3261
-0.2789
2.7431
-0.1884
0.4542
-1.2866
-3.7977
-1.4588
-0.9729
-2.2008
-3.7394
2.1520
-1.8202
-0.0065
2.3888
-0.3962
-0.0116
3.0368
-1.4635
-1.0266
0.6039
-5.1531
-1.9646
-1.5325
-0.1794
0.3361
-0.0482
-3.2739
-1.2869
1.5498
0.5978
-2.7357
1.4074
2.0560
-0.3400
0.0218
1.4277
0.7149
-2.3319
-1.1400
-0.0094
-1.0441
0.4474
-3.9793
5.6584
-2.8532
-4.5715
-2.6969
-0.8200
0.9180
0.5069
-1.9088
-1.6856
0.1407
-1.3320
3.5622
1.4333
-2.2803
-0.1097
1.7559
-1.9348
-1.6201
-2.4831
3.6137
-1.6161
2.1226
1.8761
5.1864
-0.5764
0.1875
-1.5501
-0.6788
-0.0497
-1.0106
-1.5096
0.0872
-1.4901
0.9284
-1.2517
-0.8629
-3.5708
0.5038
0.9258
-1.0417
-0.3291
1.2431
-2.1712
-1.1982
-0.1841
2.5865
-0.5606
-1.0475
-0.1547
-0.2930
-1.1910
-0.3250
-0.6667
-1.8481
-2.6460
-1.5868
-1.0322
-1.5921
-1.1011
0.0958
1.5339
1.0352
-0.1979
1.2572
-0.9483
0.4283
-1.3085
-2.4294
-3.0109
-0.1882
1.1078
-4.0661
-2.7212
0.7734
-0.7739
-2.1774
0.5450
-5.0841
-3.8794
-3.1413
3.2233
1.2182
0.7920
-5.0593
1.0024
-1.6831
-0.6391
-1.6203
-0.9228
2.7493
-1.0189
-0.6616
-1.5094
0.1640
-2.3961
6.4692
-0.7547
-0.7503
1.6309
-1.0035
-2.9755
-1.4801
-1.8171
1.3365
0.5449
1.5106
-3.2200
-0.4760
1.4942
-2.4524
-3.2710
-3.8904
-0.8296
2.6159
1.9394
1.1880
0.9008
-1.0595
-2.3828
-4.2833
-0.4753
-3.3690
1.1816
-1.0090
0.8294
-2.4211
-1.8976
1.3951
-1.1531
-2.4834
-1.8791
2.0254
0.8208
-0.6447
0.5531
-2.0500
0.8854
3.6756
-0.2454
0.1021
4.3384
-4.3062
0.3212
-4.0842
-2.5701
1.0433
5.2058
2.1034
-0.9790
-2.6358
-1.2331
-2.7204
-1.2427
-2.8385
-2.4652
-1.2568
-3.0790
2.8990
-3.8178
-0.1031
-1.2027
4.0079
0.9455
4.1159
-1.1196
1.4459
-0.4827
-1.4656
1.4927
-0.5521
-0.2216
1.7096
0.0320
-0.4760
1.2049
-2.2522
-1.5355
-1.5409
-1.6495
-0.6208
-0.9719
1.0728
0.2587
-3.3796
1.0951
-0.0298
-4.1538
2.1087
-2.0881
-1.7087
-0.7919
-2.5058
-2.0276
1.4787
0.6317
-1.1586
-1.0150
-0.8802
1.2511
3.2411
-0.9478
0.4735
-0.4489
-0.4191
0.2799
-2.5702
0.8494
0.3582
-1.4876
-0.6659
1.8749
-4.5122
-0.2318
-2.7874
-0.8442
3.6823
-6.2877
3.3499
-0.4292
-2.0279
-4.8745
-0.0839
-2.6708
2.6512
1.6697
-1.2582
-1.3018
0.2190
-0.3110
-0.8057
-0.6010
0.1335
0.9573
1.7137
-1.2976
-0.3301
-0.0669
-0.6332
-0.3123
-0.2095
-2.6192
-1.0170
-2.4404
-2.8747
0.7796
3.3297
-4.2880
-0.0203
-0.4688
-1.8454
-1.6534
-2.3452
-1.8186
1.6725
-1.8425
1.3803
0.7940
-0.4714
-1.7689
-1.9029
0.9254
0.9463
1.1436
-1.0451
-1.6954
-1.6209
-1.9766
-3.1281
-0.9348
1.2033
1.8288
-2.8386
2.1083
-0.2016
-1.1686
-1.3353
2.2353
0.4989
-2.1877
0.8414
0.0829
-1.5952
-2.0330
-4.0739
8.8038
1.7974
0.7375
-2.2289
-2.3617
-1.0962
-0.3574
-1.8094
0.3630
1.0138
0.1066
-4.4929
-3.2266
-4.4064
-3.0356
-2.6206
-4.2162
-0.6004
-4.5061
-0.2028
-4.0174
-1.0754
-0.5525
-0.0099
0.2723
-1.9802
-1.2183
-4.7073
-0.2367
0.5364
-1.0610
0.2845
-1.9275
0.9335
0.1931
0.4147
0.5090
-0.9718
-1.5192
-2.4773
-1.0307
2.0150
-2.0966
0.7947
-1.7977
0.3640
1.2625
-0.1600
0.3545
-1.3888
0.6853
-0.6860
1.5198
-1.9888
0.1082
-0.5039
-1.7627
-0.6459
0.3069
-0.2723
1.7039
0.6718
0.5196
0.1960
0.4105
-4.0688
3.3888
-6.7702
-6.2928
2.8047
-1.2007
-1.1562
-4.1553
-0.4390
-2.1454
3.2262
-1.0176
-4.5060
-2.0440
0.4535
-1.4275
3.1259
5.5734
-3.8734
-2.9276
-1.2541
0.7064
-1.8904
-2.8217
3.5184
-2.6705
0.1585
2.4189
-2.9406
-1.6809
-0.4343
-0.5742
-0.3774
-0.0076
1.2999
-1.0105
2.4504
-2.2188
-0.7990
-0.8811
-0.9704
1.4615
0.0652
0.1896
-2.2500
-1.3942
0.6631
-0.3449
1.1167
1.8042
0.2198
2.1395
-3.3099
1.1020
-3.1661
-0.2091
1.9079
-1.4440
-0.2759
-0.3147
-0.6699
-2.4449
-0.3528
-3.0842
-2.8728
2.2734
-0.6665
-0.2546
0.5410
0.1409
-0.5102


Weights 1->2:
-0.0457
0.8344
-1.7027
-0.8679
0.3936
0.0173
-0.0734
-0.1389
0.0267
-0.4623
-1.1029
-0.5020
-0.4189
-0.2883
0.3842
0.4250
0.3765
-0.6730
-0.5565
-0.2656
0.2764
-0.4289
-0.3665
-0.7427
0.6316
0.2415
-0.4189
-0.2930
-0.2748
0.2335
0.0084
0.2270
-0.7611
0.4963
-0.3679
-0.5800
-0.8163
-1.0821
0.0535
-1.1585
-0.0144
-0.8496
1.5850
0.7998
-0.3749
0.2846
-0.0487
-0.1074
-0.1257
0.3835
0.8222
0.4426
0.4215
0.2994
-0.2547
-0.4906
-0.6148
0.6664
0.4700
0.4587
-0.6706
0.3927
0.2820
0.7092
-0.7368
-0.5586
0.4015
0.2968
0.3202
-0.2595
-0.1210
0.0982
1.0337
-0.4846
0.4421
0.6591
0.7446
0.9816
-0.1069
1.3289
-0.0360
0.0407
0.0216
0.0345
0.1569
-0.0890
-0.2169
-0.1803
0.0129
-0.0569
-0.0576
-0.1014
-0.0071
-0.0504
0.1602
-0.1049
-0.0398
-0.0514
-0.1924
0.0609
0.0423
-0.0941
0.0638
-0.0841
-0.0156
-0.0998
-0.0532
0.1365
-0.0853
0.0161
0.0348
0.0347
-0.0434
-0.0778
-0.1341
0.0447
0.0694
0.0233
0.0259
-0.0097
-0.0406
0.1757
0.0378
-0.1614
0.0276
0.0652
0.1463
-0.0688
0.0685
-0.1343
0.0837
0.0649
0.0150
-0.1020
0.1297
-0.0055
0.0926
0.0709
0.1658
-0.2080
-0.1342
-0.0783
-0.1054
0.0410
0.1831
-0.1132
0.0966
-0.0180
-0.1336
-0.1243
0.1001
-0.0009
0.0484
-0.0141
-0.0499
-0.1314
0.1067
-0.0893
0.1117
-0.1218
-0.0241
-0.0114
0.0810
-0.0318
0.0482
-0.0493
-0.0300
0.0989
-0.0917
-0.1360
0.0579
-0.1441
-0.1204
-0.0764
-0.0709
-0.0208
0.0605
-0.0303
-0.0112
0.0842
0.0317
-0.1688
-0.0181
0.0323
-0.1319
-0.0604
0.0153
-0.0980
0.0104
0.1522
-0.0943
0.1466
-0.0364
-0.0623
-0.0629
0.1100
-0.0929
-0.0017
-0.0173
0.0685
0.0197
-0.0058
-0.0522
-0.1398
0.1548
0.0609
0.0576
-0.0945
-0.1258
0.0526
0.0249
0.1227
0.0772
-0.0296
0.1345
0.1377
-0.1805
-0.1048
0.1669
0.1451
0.0820
-0.0168
0.0954
-0.1178
-0.0187
0.0299
0.0378
0.0123
-0.1485
-0.1617
-0.2588
0.0799
0.1486
-0.2048
-0.0202
0.1572
-0.1116
0.1309
-0.1096
-0.0591
0.0351
0.0979
-0.0480
-0.0255
-0.1640
-0.0291
0.0170
0.0936
-0.0040
-0.0089
0.1241
-0.0231
0.0328
0.0872
-0.0777
0.0194
-0.0916
-0.0729
-0.0121
-0.1577
0.2285
-0.0122
0.1002
0.0142
0.0251
0.0126
0.0340
0.0777
-0.2253
-0.0848
-0.0599
0.1846
0.0466
-0.0220
-0.1466
0.2088
-0.0849
-0.1108
-0.0751
-0.0821
-0.0405
0.0738
-0.0623
0.2841
-0.0999
0.2082
-0.0724
0.0668
-0.1472
-0.0263
-0.0283
-0.0248
0.0721
0.0624
0.2605
0.1913
-0.0326
0.1229
-0.1644
-0.0200
-0.0287
0.0497
-0.1004
0.0677
0.0319
-0.0543
0.1179
0.1636
0.0720
-0.1320
-0.0305
0.2359
0.0411
0.2228
-0.0349
0.0680
-0.1602
0.1080
0.0395
-0.2130
0.0242
0.0229
-0.1417
-0.0975
-0.0821
0.0650
0.0351
0.0955
0.0693
-0.1079
-0.1563
-0.2044
0.0975
0.1489
-0.0825
-0.0648
0.0479
-0.1267
0.0752
0.0257
-0.1074
-0.0544
-0.0796
-0.2419
-0.0183
-0.1439
-0.0507
0.2011
0.0195
-0.2559
-0.1382
-0.1033
-0.0282
0.0454
0.1200
-0.1865
-0.1091
0.0874
-0.0015
-0.0064
0.0646
-0.0447
-0.0387
0.0802
0.1607
0.2204
-0.1055
0.1309
-0.0970
-0.0142
0.1052
0.0537
-0.1230
-0.0047
0.0668
-0.0268
0.0705
-0.1919
0.0869
-0.1735
-0.1290
-0.0179
-0.0434
-0.1338
-0.1437
-0.0531
-0.1487
-0.0394
-0.1377
0.0547
-0.1684
-0.0425
0.0876
0.0834
-0.0750
0.0730
-0.1522
0.0441
-0.1074
-0.0035
-0.1585
0.0328
0.1241
0.0924
0.0329
-0.0877
0.0040
0.0782
0.0433
0.0859
-0.0674
-0.0457
0.0333
-0.1739
-0.1010
0.0083
0.0009
0.0282
-0.0493
-0.0693
-0.0769
0.0592
-0.0033
-0.0768
0.0221
-0.0818
-0.0153
-0.0307
0.0161
0.1176
-0.0294
-0.0837
0.0877
-0.0911
-0.0278
0.2106
-0.1638
-0.0469
0.1395
0.1387
-0.0634
-0.0343
-0.1196
-0.1859
0.0927
0.1153
-0.0098
0.0184
0.1281
-0.0302
-0.0257
-0.0352
0.1004
0.0779
-0.0795
-0.0498
-0.0146
-0.0893
-0.0046
0.1556
0.0089
0.0260
-0.1769
-0.0121
0.1294
-0.0802
0.0697
0.1153
0.1096
-0.1077
0.1020
-0.0246
-0.0219
0.0906
0.0270
-0.0202
-0.0355
-0.1287
0.0185
0.0342
-0.0117
0.1551
-0.0007
0.1213
-0.1010
-0.0472
-0.0669
-0.0749
-0.0604
0.0720
-0.0222
-0.0341
0.1623
-0.1099
0.0372
-0.1670
-0.1029
-0.0005
0.1552
-0.0259
-0.1516
-0.2199
0.0446
-0.0800
0.1969
0.0023
0.0160
0.1026
-0.1668
0.1264
0.1163
-0.1085
-0.0931
0.0618
-0.2225
0.0529
-0.0590
-0.1253
0.0792
-0.0058
-0.0084
-0.0508
-0.0671
0.0049
-0.0445
-0.0783
0.0366
0.0974
0.0034
0.0099
-0.0090
0.0952
0.0025
0.0574
-0.1200
0.1672
0.0214
-0.0415
-0.0188
0.0226
-0.0908
0.0572
0.0581
0.1188
0.0010
-0.2178
0.2154
-0.0584
-0.0647
-0.2241
-0.2426
0.1715
0.0674
-0.1222
-0.0922
0.0127
0.0143
0.0492
-0.0852
-0.0855
-0.0419
-0.2632
0.0456
-0.0128
-0.0811
0.0207
-0.0400
0.0580
-0.0266
-0.0126
0.0226
0.0882
-0.0586
-0.0598
-0.0966
-0.0680
0.1082
-0.2525
0.0915
-0.0246
0.0750
-0.1521
0.1655
-0.0048
0.1149
-0.0677
-0.0398
0.1129
-0.0603
-0.1447
0.0742
0.0546
0.0332
-0.0444
0.1090
0.1123
-0.1139
-0.1095
-0.1166
0.1383
-0.0575
0.0187
0.1551
-0.0070
-0.2274
0.0975
-0.2004
0.0872
0.2078
-0.0471
-0.2022
-0.0824
0.0601
0.0910
-0.0947
-0.0821
-0.0387
-0.1044
-0.2663
0.1154
-0.0041
-0.0505
-0.0692
0.0728
-0.1687
0.0151
0.0367
-0.1179
-0.0582
-0.2007
0.0929
0.0651
0.2347
0.0567
0.0241
0.0095
0.0103
0.1263
-0.0554
-0.0270
0.0643
-0.0835
-0.0530
0.1161
0.0147
-0.1520
0.0340
0.0339
0.0434
-0.1039
0.0074
-0.1268
0.1431
0.0479
-0.0398
0.0115
-0.0833
0.0127
0.0814
-0.0354
0.1617
0.0655
-0.1588
0.0234
-0.0310
0.0019
-0.1683
0.1686
-0.1609
0.0875
-0.0130
-0.0983
0.0483
0.0736
-0.0061
-0.0762
0.0113
-0.0097
-0.0051
-0.0316
-0.0931
0.1177
-0.0258
0.1194
0.1012
-0.2203
0.0666
-0.0215
0.0282
0.1969
-0.0507
0.1472
-0.0440
0.1169
-0.0466
-0.0656
-0.0380
-0.0323
0.0202
0.0586
0.0704
-0.0575
0.0767
0.0213
-0.0502
0.1563
0.0645
-0.2143
0.0102
0.0329
-0.0778
0.0850
-0.0611
0.1582
-0.0377
0.1524
0.0083
0.0965
-0.1044
-0.0663
0.1078
0.0670
0.2588
0.1389
0.1243
-0.1317
0.0054
-0.0024
-0.0875
-0.1296
0.2299
-0.0387
-0.0928
0.0443
0.0940
0.1061
-0.0632
-0.0493
0.0334
0.0952
0.0689
-0.0231
0.2040
-0.0108
-0.0095
-0.1296
-0.1190
-0.0692
-0.1838
-0.0672
-0.0858
0.1681
0.0618
-0.0461
-0.1168
0.0742
-0.1050
0.0510
0.0398
-0.1260
0.1239
-0.0805
0.1220
0.1387
-0.0862
0.0415
0.1276
0.0092
0.1368
0.0439
-0.0743
-0.0488
-0.0028
-0.0323
-0.0481
-0.1597
0.2032
0.0218
-0.0732
0.0345
-0.0223
0.1704
-0.1190
0.0711
-0.0055
0.0347
-0.0344
-0.0177
0.0358
-0.1341
0.0465
0.0018
-0.0490
0.1164
-0.0635
0.0251
-0.0762
0.2602
-0.0566
0.0103
0.0048
0.1525
0.1048
-0.0412
-0.0179
0.0266
0.2326
0.1033
-0.0395
-0.1690
-0.1506
0.0934
-0.1667
0.0502
-0.0849
-0.0774
0.2073
0.2348
0.0874
0.1009
-0.1589
0.0547
-0.1566
-0.1418
-0.0845
0.0517
-0.0080
-0.0398
-0.0835
-0.0958
-0.1664
-0.1905
-0.1156
0.0631
0.0045
-0.0095
-0.0523
-0.1912
-0.0230
0.1127
-0.0530
0.0294
-0.0469
0.0514
0.0746
0.0377
-0.0367
-0.0413
0.1587
-0.0495
0.1351
0.0536
0.0608
0.0999
-0.0709
-0.0360
0.1562
-0.0022
-0.0511
0.0261
-0.1664
0.1048
-0.0505
0.1518
-0.1250
0.2236
0.0879
0.1157
-0.1842
-0.1348
0.0766
0.0970
0.0558
-0.1939
-0.1007
-0.0902
-0.0245
0.1597
0.1210
-0.0819
0.0015
-0.1935
0.0865
-0.1976
-0.0460
-0.0296
-0.0843
0.0462
0.0595
0.2048
0.0079
0.0027
-0.0062
0.0308
-0.0346
0.1728
0.1764
-0.0358
-0.0482
-0.1449
-0.1607
0.0809
-0.0229
0.0836
0.1066
0.0453
0.1095
-0.0251
-0.0990
0.1088
0.0165
-0.0746
0.1422
0.0534
-0.0388
-0.0802
0.1994
0.0159
-0.0845
0.0575
0.1469
-0.1085
-0.0060
-0.0518
0.0850
0.0696
0.1749
-0.1226
0.0411
-0.0820
-0.1369
0.0159
0.1571
-0.0362
0.0198
-0.0685
-0.1558
-0.0326
-0.0239
-0.1288
-0.1384
0.0638
0.1031
0.0217
-0.0269
0.0184
0.1775
-0.0503
0.0511
0.0970
-0.1551
-0.0582
-0.0208
0.0509
0.0053
0.0274
0.0867
0.0581
0.1190
0.0106
-0.0493
0.1026
-0.0179
-0.1538
-0.0412
0.0396
0.1202
-0.0554
-0.0196
-0.0965
-0.1147
-0.1126
0.0735
0.0467
-0.0712
-0.0073
-0.0429
0.0993
0.0691
0.0176
0.1417
-0.0137
-0.2066
0.0420
-0.1169
0.2219
-0.2140
0.1620
-0.0921
0.0429
0.0774
-0.1378
-0.0000
0.1727
0.1266
0.1204
0.0938
0.0669
-0.1156
0.0266
0.0971
0.0811
-0.0339
-0.0744
0.1062
-0.0632
-0.0899
0.0831
-0.1448
-0.0046
0.0213
-0.0255
-0.0586
0.0154
-0.0616
0.0935
0.0026
0.1518
0.0030
0.1643
-0.0216
-0.1772
0.0597
-0.0110
0.0836
-0.2301
0.0684
-0.0270
0.0506
0.0857
0.0047
0.0048
-0.1329
-0.1423
0.0022
0.1069
0.0084
0.1170
0.2158
0.0600
-0.0550
-0.0079
0.2758
-0.1625
-0.0074
-0.2206
-0.2085
-0.0686
-0.1491
0.0531
0.0022
0.1766
0.0990
-0.0707
-0.0437
-0.0364
0.0212
-0.1026
-0.1346
0.0758
-0.0859
-0.1147
0.0939
-0.0927
-0.1169
0.1236
0.0356
-0.0724
0.0166
0.0186
0.0934
0.0862
-0.1110
0.0778
-0.0101
-0.0821
-0.0588
-0.0486
-0.2201
-0.0223
0.0978
0.0423
-0.1120
0.0337
-0.0913
-0.0307
0.0791
0.1593
0.2073
-0.0115
-0.1214
0.0919
0.0135
0.0374
-0.0291
-0.0031
-0.0608
-0.0668
-0.1934
-0.1240
-0.1401
-0.0481
0.1379
0.0072
0.1373
0.0183
0.0679
-0.0726
-0.1519
-0.0899
-0.0089
-0.1113
0.1453
-0.0512
0.2330
0.0064
-0.0615
0.0084
-0.1246
0.0468
0.0110
-0.0532
-0.1541
0.0218
0.0120
0.0873
-0.0553
0.0233
-0.0437
-0.1497
0.0813
-0.1909
-0.1143
-0.0510
-0.0938
-0.2054
-0.0674
0.0880
-0.1117
0.0815
-0.1223
-0.0318
-0.0586
0.0427
-0.0791
0.1089
0.1131
0.1721
-0.0058
-0.0451
-0.1992
0.0432
-0.0714
0.0031
0.1883
-0.0037
0.0144
-0.1127
-0.0618
-0.1764
0.0936
0.1296
0.0406
0.0123
0.0937
-0.1090
0.0988
-0.0503
0.0317
-0.0670
0.0353
-0.0839
0.0437
0.0594
0.1059
-0.1959
-0.0372
-0.0048
-0.0267
-0.0086
-0.0956
0.0130
-0.1395
0.0755
-0.0389
0.0055
0.1052
-0.0256
0.0005
0.0217
-0.0386
-0.1866
0.0072
0.0833
0.1542
-0.1864
0.0524
0.0696
-0.0853
-0.0806
-0.8555
-1.7841
3.3420
2.5072
-0.6565
-1.2015
-5.1033
0.5570
1.1926
1.7452
0.3606
1.8610
0.2579
-5.3024
-0.6325
-3.8327
-2.7152
1.2486
3.6692
1.5192
-3.6863
-0.8750
-3.7211
-0.0374
-3.7507
-3.0371
0.0785
2.9033
0.9977
1.5315
0.2380
-1.0628
0.5403
-3.3370
2.1128
-0.1444
2.0491
2.2802
1.2762
3.5156
2.2831
1.7899
-1.3821
0.3432
-0.9589
2.9103
0.5641
2.4668
2.3163
0.3350
1.0971
2.1457
-1.6873
2.1883
1.5396
0.1207
5.3152
-2.2644
0.5446
-0.2318
1.9948
-5.0150
1.3160
0.6164
0.4181
1.6502
-0.4707
1.7041
2.7413
-0.0990
2.5033
2.3138
0.0255
-2.0298
-1.3774
-2.5885
0.6592
1.1351
-2.2977
0.3576
1.0503
1.9129
-0.3271
-0.0050
0.4175
-1.1722
1.9303
-3.8378
-4.9583
-2.7458
-1.3502
0.6111
3.4431
0.5251
0.6540
-1.3240
-2.8370
0.5305
2.6051
-0.7536
1.4374
-0.9865
1.5282
4.1395
2.2184
0.3304
-0.2271
-1.4995
1.8233
2.6751
-1.6258
0.1178
0.2637
2.0162
-0.4777
2.2241
2.7154
4.6334
0.9872
0.8730
-0.4818
3.0798
-0.5671
1.2542
1.0230
0.5049
1.7074
2.0144
-0.5586
1.5027
-0.3145
2.2751
-0.6933
2.6186
0.5356
-0.4048
6.7334
-1.2661
1.4114
-1.0031
-2.2928
-1.1160
3.2026
-0.5624
2.2367
0.4564
0.5502
1.1415
0.9218
-0.9452
0.9999
1.0186
-1.5475
-0.5191
-0.7699
-2.2804
-0.8350
0.6470
-3.4758
1.1207
1.0600
1.2384
-3.3119
1.5297
-3.3405
2.2775
0.8891
0.5167
1.4674
3.0515
1.4092
0.1463
-1.5146
4.2284
1.2509
1.7054
4.2994
-0.3686
-1.3261
-0.7187
-2.9821
0.3834
-1.2289
0.1893
2.1357
1.8848
2.6249
0.5727
0.7664
-2.1758
1.7453
-0.6265
1.5887
-0.3574
0.8967
-0.5652
2.5891
1.6601
-4.8721
1.8043
1.3522
1.1346
0.5904
2.9076
1.0471
1.8262
0.5816
1.0338
-1.0228
1.6231
0.4311
2.1287
-0.2333
2.9483
1.9159
-0.9823
4.6489
-1.4560
0.0492
-2.9009
-0.2752
0.9393
0.2503
0.6610
2.9373
1.3540
1.1253
2.6183
1.0861
1.6344
-0.5335
-0.8484
-0.8530
0.4799
-0.8392
-0.6859
-1.3600
2.5497
-2.7676
0.2198
1.0496
-0.2599
-2.0869
2.0009
2.2531
0.8281
2.0904
-2.8209
-1.5979
1.4629
3.1950
0.4855
-2.4999
-1.8870
1.1734
5.4890
0.8804
0.8600
-0.9024
-0.8783
-2.0207
-1.2586
2.7589
-0.5232
0.4275
-3.0764
-3.8718
0.5331
-1.3361
0.7173
1.1747
2.4155
-3.1947
-1.9897
-2.0398
-1.5433
-0.3727
-1.9339
1.7724
4.2382
-1.8895
2.9452
2.6118
-0.6742
1.7717
-2.3853
0.3395
-2.4705
1.4647
2.0073
-0.9956
0.9464
1.2016
-0.2188
0.5169
3.8797
-2.4435
1.9774
-0.3088
2.7916
-0.0025
0.8659
-0.1115
0.5401
1.6367
0.1717
-0.2171
0.3886
-1.1909
0.1360
2.1202
2.7563
-1.8003
-0.5230
0.3650
0.8322
1.3027
0.6204
1.6617
-1.4702
0.1788
-1.0271
2.7598
0.9386
-0.3375
-0.7832
2.3956
-0.7139
-0.0663
0.6141
-0.7186
1.5928
-1.2637
-1.6973
-0.8470
-3.9735
-1.0637
3.0405
1.7240
0.2320
2.3608
-0.0336
-0.8826
-0.5639
0.2210
-0.6496
0.8098
1.7106
0.9317
1.3769
1.1554
2.1342
-1.1064
1.6018
1.4747
1.0046
1.3774
-2.5159
0.8385
0.5094
-0.2580
-1.2705
1.3459
-1.4362
-0.8429
1.0553
1.3260
3.0893
-0.2247
1.8586
-0.0336
-2.5563
-1.4403
1.2340
-2.9260
3.2237
5.0753
-0.2965
-1.4647
2.2811
2.6046
1.2087
1.5162
0.0448
-0.7008
-1.6003
-0.4149
0.8981
-0.7202
1.4709
0.4004
3.0919
0.9486
-0.7166
-1.2539
-2.1045
-0.2722
0.9461
3.6915
0.1187
1.3559
-2.1909
0.7051
-3.0976
1.9932
-0.2536
2.1704
-1.1832
-0.6754
-1.0343
-0.7247
-1.6660
1.3853
0.2612
-1.3363
1.4682
-3.4900
-1.2068
1.9053
1.2954
0.6607
2.9546
-1.6807
0.2384
-1.2792
-0.2796
3.0903
-1.5518
-2.8587
1.2759
0.3368
2.1258
2.0346
-0.4279
0.4493
1.4573
2.1600
-2.5596
1.5014
-1.3058
3.6159
1.6463
1.6898
2.5089
0.9074
1.7884
1.5515
-0.8241
-0.0876
-1.3135
0.8570
-1.2221
-1.4273
2.2815
-1.9184
2.6741
0.8363
-1.9002
-1.1038
3.1302
-0.2386
1.9286
0.3233
0.0577
-0.3023
0.7772
-1.6892
-0.7029
2.0533
3.5721
1.3731
-1.4099
1.5286
-1.3529
-1.4246
0.3334
0.4035
1.3469
2.6011
0.3175
1.0321
2.2113
-2.0866
-1.3288
0.7054
-0.4157
0.4297
2.8723
1.3814
0.4149
-0.9450
-0.9290
2.0453
2.7199
1.4767
0.4362
3.9058
1.8518
-3.6779
-0.9387
-1.1943
0.1210
0.9567
-1.5099
0.3109
2.0122
0.8027
0.4146
-0.4782
-0.3926
2.9576
-0.4462
-2.0932
4.0127
2.4066
3.4359
-0.6977
0.2921
-0.4208
0.3814
-3.9579
1.8842
-1.7695
1.9788
-1.0053
-1.7315
2.5965
-0.7477
3.4120
0.2173
0.8361
-1.3908
-0.6853
1.2783
-0.4689
1.1438
2.0867
2.5100
0.3329
0.1849
-0.4934
2.0849
0.6529
1.4657
-0.0011
1.3558
0.5486
0.9761
-1.0487
0.3916
-2.4979
-0.1060
-3.4604
1.9412
-0.2780
-1.7115
-2.9860
0.2408
0.0363
-0.6582
-1.1255
-3.5178
-0.3736
0.1530
2.7797
-1.6380
1.5361
0.5409
-0.0419
-1.9026
3.7058
0.4344
2.9510
0.6087
1.9396
-0.9100
-2.2291
0.6454
-0.5980
1.6833
1.9786
0.3827
0.0328
-1.4233
-0.5641
-0.7348
-1.0495
0.3321
-1.4379
1.0425
0.3097
-0.4954
2.4874
-2.5585
3.1524
0.0588
-2.4895
0.5537
0.8237
-1.3809
-1.7861
0.4881
0.2665
-1.7152
-2.4683
0.5198
2.2212
-0.4043
-1.4869
-2.0718
1.8527
-2.8505
0.0148
-1.1107
-1.1028
0.9717
-0.3283
-1.2868
0.2385
4.0910
2.1113
-2.3722
-1.1579
1.2922
-0.9395
-0.5214
0.5932
-1.0508
0.6877
-1.9047
4.8960
1.9369
-0.9318
-0.9957
-2.3682
0.9670
-0.2222
-1.1107
3.5038
2.0263
2.7602
-1.5241
0.5781
1.0780
-5.4486
2.3170
-0.1319
4.1021
-0.6198
-0.1101
-1.1596
-1.0669
-0.3484
-3.7283
1.8247
-1.9697
1.5311
-0.2335
0.6311
-3.8618
-0.8601
2.4406
1.6476
1.3943
2.1424
1.7970
1.6449
0.8699
6.0593
-3.3535
0.6791
-0.8054
0.3238
0.4438
2.0844
-0.1198
-0.9948
0.5737
-0.6633
-1.6515
0.2029
1.5814
1.1536
0.8579
-1.0654
1.6432
2.2336
-1.8525
-0.1041
-0.0874
-0.3564
2.4028
0.8032
-2.2542
1.3097
-1.4564
-1.9344
-0.5437
-0.4357
0.7311
0.4543
2.5433
-0.1636
-1.7052
-1.0587
1.2667
0.2848
0.1452
-1.3702
-1.0875
-3.3941
0.4062
0.6783
2.1103
0.5355
3.1328
2.3774
0.5566
0.0992
-1.8679
0.3340
-0.6056
-0.1552
2.1809
0.5298
-4.7378
1.4255
-0.8891
2.5239
-1.3003
-0.1978
-0.2212
-0.7817
0.3919
-0.5772
2.6662
-4.9023
2.0258
1.3207
0.3122
-1.2014
0.0059
0.6242
1.7077
0.0336
0.2665
0.8351
-0.9294
2.1803
-0.2517
-1.0066
-2.6960
1.1852
1.2707
2.9742
1.7963
0.7386
-2.7120
-0.0014
-1.8033
-0.1672
1.5743
0.9247
-3.3554
-0.1468
-2.1220
1.4484
-2.7397
0.9970
1.8149
0.3406
1.3219
2.4550
-0.4300
1.4518
0.1502
-2.2559
2.7998
0.1064
0.9718
-0.1386
2.2256
-1.8990
-1.3862
-0.6175
4.2858
-0.2106
0.6827
-0.8209
-2.0476
-1.3597
-0.3861
-1.3204
-0.5153
0.2466
-1.3083
-0.5113
0.3099
0.1066
-0.1493
0.3548
0.1397
0.3525
0.4268
1.8223
0.3217
1.5279
2.1426
-1.9230
2.1179
1.1300
1.4210
1.7842
-0.5927
-1.3977
-1.7818
-2.4604
-0.4464
-1.3275
0.7568
0.5947
-1.8845
-2.7741
-0.6628
0.5034
1.4531
-0.3109
0.3533
-0.6911
0.5206
-0.5495
-1.7238
-0.8710
-0.1398
-0.6304
-0.3819
1.8776
-0.6109
2.1508
-1.1440
-0.3584
-0.7127
-5.0339
1.0190
3.2761
3.6380
0.7219
-2.3609
2.2314
-2.4666
0.1520
-1.1652
1.9387
0.5981
0.8072
-2.4848
-0.4840
-2.7094
-0.0939
-2.1305
2.2509
0.2525
0.5408
-2.2387
-1.0076
-2.9641
1.8181
-2.0786
-3.2712
-0.9350
-3.8135
1.4171
3.4896
3.5458
-2.1305
3.6470
-4.9145
-2.3582
1.4586
1.6084
-1.1204
-1.4093
3.5960
-2.6850
-0.0073
2.3236
-2.3051
1.5702
0.1169
1.8709
-3.7044
0.9116
0.0223
-2.0289
-0.4983
-2.3880
-1.7937
3.0538
3.2807
-0.6796
-0.9737
-3.8920
-2.7263
0.7432
3.6233
-3.5012
-1.3515
0.9071
-0.2555
1.7536
-0.0866
-2.2474
1.7671
-2.3628
-0.6909
-2.7273
-0.9153
0.3498
-1.0368
1.0276
-1.2620
-0.4425
0.9906
-1.3758
-0.2463
-1.5154
0.0650
1.0361
-1.0675
-1.2377
-0.0690
-2.1300
-2.4507
0.6091
-1.9291
1.9461
-1.5697
0.3469
0.4569
-0.3446
1.9811
4.4652
1.6339
-0.6006
0.5639
0.8684
0.5065
-0.1572
0.2632
-0.4784
-1.3502
-1.2919
0.8888
2.3782
0.6094
0.9900
0.6077
-1.9745
0.2077
-2.7394
-0.4681
0.1244
-1.1641
-0.9906
-0.1509
-0.6250
1.0191
-0.4468
1.4824
-1.4312
-0.2922
-0.6665
-0.4151
-0.2544
0.1935
-0.9351
-0.7861
-1.1144
-1.1574
0.2140
-0.2120
-1.8940
-0.9351
-0.5212
-1.6166
-0.5202
-1.3580
0.1840
-0.6984
-1.1522
-0.1582
-1.1960
2.0435
1.7637
-1.0190
-1.2265
-1.0931
-1.2675
-0.6086
-0.5155
-1.3934
-0.8929
1.4078
-0.2689
-0.4226
-0.5004
-4.1536
1.5804
-0.7153
-2.6000
0.1430
-1.9581
-0.0546
-0.1923
-1.0475
0.4511
-0.8476
-0.7354
-0.4125
-1.2570
-0.3646
0.3389
2.1298
-0.5382
-0.7324
1.1078
-0.0737
-2.3101
-1.5008
0.6654
0.5881
-0.1472
2.1570
1.8929
-0.8747
-0.9364
-0.6404
0.3114
-1.2745
-1.3845
0.3515
-1.1478
0.3621
-0.9347
-0.8703
-0.9472
-4.0143
-0.0888
-0.0206
0.7456
-1.1367
0.9610
0.8901
-0.1621
-0.7825
-0.8315
-0.9429
-1.1853
0.8495
-0.5987
-1.4180
0.7136
-1.1704
0.0513
-1.7258
-2.2829
-1.2265
1.1727
1.0639
0.6614
-0.7665
-0.3356
-1.5896
-1.5918
1.3882
0.2318
-0.0213
0.5365
-0.2820
0.7522
0.9409
-0.8805
-1.0973
-0.6795
-0.2747
-0.5706
-0.3991
-0.0081
-0.8689
-0.8233
-0.1938
0.7411
-0.9167
0.0127
-0.1437
-0.4622
-0.3620
-0.6274
-0.9730
-1.5104
0.0597
-0.8941
-0.3598
-0.0949
-0.0390
0.8793
0.8070
-1.1587
-0.5976
-0.3128
-0.6401
-1.1295
-0.3521
-1.0542
-0.5759
-0.7064
0.8787
-0.7404
-0.0311
0.2137
-0.0180
-1.1473
-1.5617
-0.8207
1.4706
-0.6189
-3.8459
-0.5943
-0.8609
-0.2262
-1.2572
-0.2303
-1.3579
-0.5207
0.7675
-0.5330
-0.6586
-0.7587
-1.1337
2.1033
2.8837
-0.6838
0.3189
0.1895
0.2075
0.1330
-0.6957
-2.5664
-1.8292
-1.6908
-1.4415
-0.1276
-0.5653
-0.8028
-0.4839
-0.0793
0.5287
-0.2443
-0.4249
0.8322
-0.9186
-0.6831
-0.6511
-0.5600
-0.4663
-0.6963
-3.6669
-0.5935
-0.5363
-0.9725
-0.8545
-0.9798
-0.6436
-0.3801
-0.6651
-0.6036
-0.5836
-0.7301
-1.3288
-1.3777
-0.7015
-0.9119
-0.6484
-0.5384
-1.9162
-0.8028
-0.6459
-1.3773
-0.8271
-0.7229
-0.5261
-0.8087
-0.5878
-0.7487
-0.6220
-0.7225
-0.8169
-0.7887
-1.2289
-0.9748
-1.0169
-0.6700
-0.7587
-0.6191
-0.3474
-0.6259
-3.6847
-0.4652
-0.4395
-0.9782
-0.7784
-0.8466
-0.7070
-0.5003
-0.6183
-0.5296
-0.4486
-0.5115
-1.4389
-1.3674
-0.8109
-0.9580
-0.7132
-0.5802
-1.8817
-0.9130
-0.6334
-1.3108
-0.7866
-0.7357
-0.6947
-0.6134
-0.6458
-0.8664
-0.4942
-0.7228
-0.8511
-0.5320
-1.1817
-1.0288
-1.1264
-0.7586
-0.5564
-0.5227
-0.6506
-0.5117
-3.6503
-0.5096
-0.3086
-0.9923
-0.8495
-1.0096
-0.9158
-0.5932
-0.6734
-0.6380
-0.4672
-0.6699
-1.3558
-1.4155
-0.7298
-0.9575
-0.4534
-0.4866
-1.9010
-0.6064
-0.5183
-1.2046
-0.7625
-0.8631
-0.7353
-0.9556
-0.5984
-0.8007
-0.6541
-0.6594
-0.7880
-0.9283
-1.3321
-0.9033

Direct connections:
